1764442796390 0.7791434526443481 0 6cf176fdfd744ff1ac02948e5f0dde67
1764442796792 0.34957608580589294 1 6cf176fdfd744ff1ac02948e5f0dde67
1764442797472 0.2889973521232605 2 6cf176fdfd744ff1ac02948e5f0dde67
1764442797824 0.2647312879562378 3 6cf176fdfd744ff1ac02948e5f0dde67
1764442798203 0.22646863758563995 4 6cf176fdfd744ff1ac02948e5f0dde67
1764442798577 0.23469382524490356 5 6cf176fdfd744ff1ac02948e5f0dde67
1764442799236 0.22253508865833282 6 6cf176fdfd744ff1ac02948e5f0dde67
1764442799689 0.2084624022245407 7 6cf176fdfd744ff1ac02948e5f0dde67
1764442800118 0.21156242489814758 8 6cf176fdfd744ff1ac02948e5f0dde67
1764442800535 0.17842447757720947 9 6cf176fdfd744ff1ac02948e5f0dde67
1764442801256 0.16823673248291016 10 6cf176fdfd744ff1ac02948e5f0dde67
1764442801615 0.17347200214862823 11 6cf176fdfd744ff1ac02948e5f0dde67
1764442802305 0.15181183815002441 12 6cf176fdfd744ff1ac02948e5f0dde67
1764442802766 0.16097061336040497 13 6cf176fdfd744ff1ac02948e5f0dde67
1764442803409 0.15541882812976837 14 6cf176fdfd744ff1ac02948e5f0dde67
1764442803775 0.1428680419921875 15 6cf176fdfd744ff1ac02948e5f0dde67
1764442804423 0.14603297412395477 16 6cf176fdfd744ff1ac02948e5f0dde67
1764442804759 0.14017333090305328 17 6cf176fdfd744ff1ac02948e5f0dde67
1764442805117 0.136845201253891 18 6cf176fdfd744ff1ac02948e5f0dde67
1764442805886 0.1201912984251976 19 6cf176fdfd744ff1ac02948e5f0dde67
1764442806269 0.11634065955877304 20 6cf176fdfd744ff1ac02948e5f0dde67
1764442807044 0.1327132135629654 21 6cf176fdfd744ff1ac02948e5f0dde67
1764442796390 0.7791434526443481 0 6cf176fdfd744ff1ac02948e5f0dde67
