1764443470354 0.9889348149299622 0
1764443471320 0.40634050965309143 1
1764443471721 0.2991727292537689 2
1764443472106 0.2910099923610687 3
1764443472574 0.24122393131256104 4
1764443472937 0.24678902328014374 5
1764443473339 0.2231215387582779 6
1764443473725 0.1905137598514557 7
1764443474405 0.18527813255786896 8
1764443475082 0.17966896295547485 9
1764443475800 0.17072786390781403 10
1764443476266 0.17555952072143555 11
1764443476939 0.17777080833911896 12
1764443477549 0.1427381932735443 13
1764443477980 0.15963004529476166 14
1764443478661 0.16519570350646973 15
1764443479358 0.14204081892967224 16
1764443479853 0.1309307962656021 17
1764443480465 0.1377069503068924 18
1764443480829 0.13710333406925201 19
1764443481548 0.12094341963529587 20
1764443482282 0.1349649727344513 21
1764443482685 0.10584523528814316 22
1764443483110 0.11859747767448425 23
1764443483778 0.10815941542387009 24
1764443484424 0.10982952266931534 25
1764443470354 0.9889348149299622 0
1764443649000 0.6580206751823425 0
1764443649406 0.3223779499530792 1
1764443650138 0.26483049988746643 2
1764443650822 0.2456883192062378 3
1764443651299 0.21407142281532288 4
1764443651936 0.2213282287120819 5
1764443652605 0.20491307973861694 6
1764443653291 0.17441880702972412 7
1764443654018 0.18271243572235107 8
1764443654656 0.17438659071922302 9
1764443655050 0.1588570773601532 10
1764443655417 0.1379014104604721 11
1764443655786 0.1525724083185196 12
1764443656229 0.14868991076946259 13
1764443656830 0.14540831744670868 14
1764443657211 0.14104647934436798 15
1764443657578 0.1396164447069168 16
1764443657914 0.11682064086198807 17
1764443658705 0.12135825306177139 18
1764443659052 0.10714740306138992 19
1764443659539 0.10619936883449554 20
1764443660080 0.1153935045003891 21
1764443660772 0.09213295578956604 22
1764443470354 0.9889348149299622 0
1764443470354 0.9889348149299622 0
1764443649000 0.6580206751823425 0
1764443833885 0.6216237545013428 0
1764443834286 0.32708001136779785 1
1764443835054 0.26564469933509827 2
1764443835529 0.2157573103904724 3
1764443836101 0.20344214141368866 4
1764443836727 0.178994819521904 5
1764443837588 0.17394909262657166 6
1764443838162 0.15765760838985443 7
1764443838547 0.15262240171432495 8
1764443839212 0.13391312956809998 9
1764443839626 0.14802652597427368 10
1764443839981 0.13463430106639862 11
1764443840720 0.12596844136714935 12
1764443841085 0.1261902153491974 13
1764443841435 0.1272401511669159 14
1764443842096 0.11450525373220444 15
1764443470354 0.9889348149299622 0
1764443470354 0.9889348149299622 0
1764443649000 0.6580206751823425 0
1764443470354 0.9889348149299622 0
1764443470354 0.9889348149299622 0
1764443649000 0.6580206751823425 0
1764443833885 0.6216237545013428 0
1764444234147 0.6216237545013428 0
1764444234597 0.32708001136779785 1
1764444235209 0.26564469933509827 2
1764444235880 0.2157573103904724 3
1764444236254 0.20344214141368866 4
1764444236637 0.178994819521904 5
1764444237393 0.17394909262657166 6
1764444237857 0.15765760838985443 7
1764444238263 0.15262240171432495 8
1764444238916 0.13391312956809998 9
1764444239320 0.14802652597427368 10
1764444239684 0.13463430106639862 11
1764444240098 0.12596844136714935 12
1764444240575 0.1261902153491974 13
1764444241195 0.1272401511669159 14
1764444241576 0.11450525373220444 15
1764443470354 0.9889348149299622 0
1764443470354 0.9889348149299622 0
1764443649000 0.6580206751823425 0
1764443470354 0.9889348149299622 0
1764443470354 0.9889348149299622 0
1764443649000 0.6580206751823425 0
1764443833885 0.6216237545013428 0
1764443470354 0.9889348149299622 0
1764443470354 0.9889348149299622 0
1764443649000 0.6580206751823425 0
1764443470354 0.9889348149299622 0
1764443470354 0.9889348149299622 0
1764443649000 0.6580206751823425 0
1764443833885 0.6216237545013428 0
1764444234147 0.6216237545013428 0
1764444432507 0.7192555665969849 0
1764444432980 0.3557237982749939 1
1764444433440 0.2967502176761627 2
1764444434116 0.2644571363925934 3
1764444434771 0.22519031167030334 4
1764444435162 0.1930084526538849 5
1764444435851 0.19553402066230774 6
1764444436496 0.19465599954128265 7
1764444436971 0.18041770160198212 8
1764444437610 0.1591026335954666 9
1764444438221 0.15714313089847565 10
1764444438649 0.1496725231409073 11
1764444439117 0.16027584671974182 12
1764444439681 0.12350626289844513 13
1764444440083 0.12754349410533905 14
1764444440445 0.12952829897403717 15
1764444441150 0.11895788460969925 16
1764443470354 0.9889348149299622 0
1764443470354 0.9889348149299622 0
1764443649000 0.6580206751823425 0
1764443470354 0.9889348149299622 0
1764443470354 0.9889348149299622 0
1764443649000 0.6580206751823425 0
1764443833885 0.6216237545013428 0
1764443470354 0.9889348149299622 0
1764443470354 0.9889348149299622 0
1764443649000 0.6580206751823425 0
1764443470354 0.9889348149299622 0
1764443470354 0.9889348149299622 0
1764443649000 0.6580206751823425 0
1764443833885 0.6216237545013428 0
1764444234147 0.6216237545013428 0
1764443470354 0.9889348149299622 0
1764443470354 0.9889348149299622 0
1764443649000 0.6580206751823425 0
1764443470354 0.9889348149299622 0
1764443470354 0.9889348149299622 0
1764443649000 0.6580206751823425 0
1764443833885 0.6216237545013428 0
1764443470354 0.9889348149299622 0
1764443470354 0.9889348149299622 0
1764443649000 0.6580206751823425 0
1764443470354 0.9889348149299622 0
1764443470354 0.9889348149299622 0
1764443649000 0.6580206751823425 0
1764443833885 0.6216237545013428 0
1764444234147 0.6216237545013428 0
1764444432507 0.7192555665969849 0
1764444660453 0.6216237545013428 0
1764444661430 0.32708001136779785 1
1764444661836 0.26564469933509827 2
1764444662253 0.2157573103904724 3
1764444662700 0.20344214141368866 4
1764444663202 0.178994819521904 5
1764444663612 0.17394909262657166 6
1764444664322 0.15765760838985443 7
1764444664980 0.15262240171432495 8
1764444665370 0.13391312956809998 9
1764444665821 0.14802652597427368 10
1764444666440 0.13463430106639862 11
1764444666819 0.12596844136714935 12
1764444667274 0.1261902153491974 13
1764444667934 0.1272401511669159 14
1764444668591 0.11450525373220444 15
1764443470354 0.9889348149299622 0
1764443470354 0.9889348149299622 0
1764443649000 0.6580206751823425 0
1764443470354 0.9889348149299622 0
1764443470354 0.9889348149299622 0
1764443649000 0.6580206751823425 0
1764443833885 0.6216237545013428 0
1764443470354 0.9889348149299622 0
1764443470354 0.9889348149299622 0
1764443649000 0.6580206751823425 0
1764443470354 0.9889348149299622 0
1764443470354 0.9889348149299622 0
1764443649000 0.6580206751823425 0
1764443833885 0.6216237545013428 0
1764444234147 0.6216237545013428 0
1764443470354 0.9889348149299622 0
1764443470354 0.9889348149299622 0
1764443649000 0.6580206751823425 0
1764443470354 0.9889348149299622 0
1764443470354 0.9889348149299622 0
1764443649000 0.6580206751823425 0
1764443833885 0.6216237545013428 0
1764443470354 0.9889348149299622 0
1764443470354 0.9889348149299622 0
1764443649000 0.6580206751823425 0
1764443470354 0.9889348149299622 0
1764443470354 0.9889348149299622 0
1764443649000 0.6580206751823425 0
1764443833885 0.6216237545013428 0
1764444234147 0.6216237545013428 0
1764444432507 0.7192555665969849 0
1764443470354 0.9889348149299622 0
1764443470354 0.9889348149299622 0
1764443649000 0.6580206751823425 0
1764443470354 0.9889348149299622 0
1764443470354 0.9889348149299622 0
1764443649000 0.6580206751823425 0
1764443833885 0.6216237545013428 0
1764443470354 0.9889348149299622 0
1764443470354 0.9889348149299622 0
1764443649000 0.6580206751823425 0
1764443470354 0.9889348149299622 0
1764443470354 0.9889348149299622 0
1764443649000 0.6580206751823425 0
1764443833885 0.6216237545013428 0
1764444234147 0.6216237545013428 0
1764443470354 0.9889348149299622 0
1764443470354 0.9889348149299622 0
1764443649000 0.6580206751823425 0
1764443470354 0.9889348149299622 0
1764443470354 0.9889348149299622 0
1764443649000 0.6580206751823425 0
1764443833885 0.6216237545013428 0
1764443470354 0.9889348149299622 0
1764443470354 0.9889348149299622 0
1764443649000 0.6580206751823425 0
1764443470354 0.9889348149299622 0
1764443470354 0.9889348149299622 0
1764443649000 0.6580206751823425 0
1764443833885 0.6216237545013428 0
1764444234147 0.6216237545013428 0
1764444432507 0.7192555665969849 0
1764444660453 0.6216237545013428 0
