1764443470354 0.7178290486335754 0
1764443471320 0.44828757643699646 1
1764443471721 0.3939952850341797 2
1764443472106 0.3773729205131531 3
1764443472574 0.3419222831726074 4
1764443472937 0.3450744152069092 5
1764443473339 0.32280033826828003 6
1764443473725 0.31060275435447693 7
1764443474405 0.2996518909931183 8
1764443475082 0.3013432025909424 9
1764443475800 0.2943912446498871 10
1764443476266 0.30088719725608826 11
1764443476939 0.28913217782974243 12
1764443477549 0.265663206577301 13
1764443477980 0.2831383943557739 14
1764443478661 0.27672329545021057 15
1764443479358 0.2674293518066406 16
1764443479853 0.25918272137641907 17
1764443480465 0.25776809453964233 18
1764443480829 0.2636604309082031 19
1764443481548 0.2479473501443863 20
1764443482282 0.26451149582862854 21
1764443482685 0.2370670735836029 22
1764443483110 0.24391110241413116 23
1764443483778 0.23421019315719604 24
1764443484424 0.2365361452102661 25
1764443470354 0.7178290486335754 0
1764443649000 0.5723260641098022 0
1764443649406 0.4117167890071869 1
1764443650138 0.36095836758613586 2
1764443650822 0.3541146516799927 3
1764443651299 0.32390040159225464 4
1764443651936 0.3319558799266815 5
1764443652605 0.32212868332862854 6
1764443653291 0.29522019624710083 7
1764443654018 0.29642918705940247 8
1764443654656 0.30992868542671204 9
1764443655050 0.2771140933036804 10
1764443655417 0.26490992307662964 11
1764443655786 0.28182336688041687 12
1764443656229 0.2755451500415802 13
1764443656830 0.27497515082359314 14
1764443657211 0.26282691955566406 15
1764443657578 0.26420775055885315 16
1764443657914 0.2428225725889206 17
1764443658705 0.2479543536901474 18
1764443659052 0.2403724044561386 19
1764443659539 0.2404029220342636 20
1764443660080 0.24362289905548096 21
1764443660772 0.22569136321544647 22
1764443470354 0.7178290486335754 0
1764443470354 0.7178290486335754 0
1764443649000 0.5723260641098022 0
1764443833885 0.5661402940750122 0
1764443834286 0.4177795946598053 1
1764443835054 0.36719903349876404 2
1764443835529 0.3276822566986084 3
1764443836101 0.3303033709526062 4
1764443836727 0.30622562766075134 5
1764443837588 0.3015005886554718 6
1764443838162 0.2744140028953552 7
1764443838547 0.28306078910827637 8
1764443839212 0.2657330632209778 9
1764443839626 0.2705376446247101 10
1764443839981 0.2679491937160492 11
1764443840720 0.2557438611984253 12
1764443841085 0.2573629319667816 13
1764443841435 0.26621097326278687 14
1764443842096 0.2347235083580017 15
1764443470354 0.7178290486335754 0
1764443470354 0.7178290486335754 0
1764443649000 0.5723260641098022 0
1764443470354 0.7178290486335754 0
1764443470354 0.7178290486335754 0
1764443649000 0.5723260641098022 0
1764443833885 0.5661402940750122 0
1764444234147 0.5661402940750122 0
1764444234597 0.4177795946598053 1
1764444235209 0.36719903349876404 2
1764444235880 0.3276822566986084 3
1764444236254 0.3303033709526062 4
1764444236637 0.30622562766075134 5
1764444237393 0.3015005886554718 6
1764444237857 0.2744140028953552 7
1764444238263 0.28306078910827637 8
1764444238916 0.2657330632209778 9
1764444239320 0.2705376446247101 10
1764444239684 0.2679491937160492 11
1764444240098 0.2557438611984253 12
1764444240575 0.2573629319667816 13
1764444241195 0.26621097326278687 14
1764444241576 0.2347235083580017 15
1764443470354 0.7178290486335754 0
1764443470354 0.7178290486335754 0
1764443649000 0.5723260641098022 0
1764443470354 0.7178290486335754 0
1764443470354 0.7178290486335754 0
1764443649000 0.5723260641098022 0
1764443833885 0.5661402940750122 0
1764443470354 0.7178290486335754 0
1764443470354 0.7178290486335754 0
1764443649000 0.5723260641098022 0
1764443470354 0.7178290486335754 0
1764443470354 0.7178290486335754 0
1764443649000 0.5723260641098022 0
1764443833885 0.5661402940750122 0
1764444234147 0.5661402940750122 0
1764444432507 0.5835539102554321 0
1764444432980 0.4293467402458191 1
1764444433440 0.3817601203918457 2
1764444434116 0.3652600646018982 3
1764444434771 0.33912625908851624 4
1764444435162 0.3074508011341095 5
1764444435851 0.31803077459335327 6
1764444436496 0.307212233543396 7
1764444436971 0.29386061429977417 8
1764444437610 0.2793455421924591 9
1764444438221 0.27182242274284363 10
1764444438649 0.2734086811542511 11
1764444439117 0.27833545207977295 12
1764444439681 0.2590341567993164 13
1764444440083 0.25716814398765564 14
1764444440445 0.26421767473220825 15
1764444441150 0.2509084939956665 16
1764443470354 0.7178290486335754 0
1764443470354 0.7178290486335754 0
1764443649000 0.5723260641098022 0
1764443470354 0.7178290486335754 0
1764443470354 0.7178290486335754 0
1764443649000 0.5723260641098022 0
1764443833885 0.5661402940750122 0
1764443470354 0.7178290486335754 0
1764443470354 0.7178290486335754 0
1764443649000 0.5723260641098022 0
1764443470354 0.7178290486335754 0
1764443470354 0.7178290486335754 0
1764443649000 0.5723260641098022 0
1764443833885 0.5661402940750122 0
1764444234147 0.5661402940750122 0
1764443470354 0.7178290486335754 0
1764443470354 0.7178290486335754 0
1764443649000 0.5723260641098022 0
1764443470354 0.7178290486335754 0
1764443470354 0.7178290486335754 0
1764443649000 0.5723260641098022 0
1764443833885 0.5661402940750122 0
1764443470354 0.7178290486335754 0
1764443470354 0.7178290486335754 0
1764443649000 0.5723260641098022 0
1764443470354 0.7178290486335754 0
1764443470354 0.7178290486335754 0
1764443649000 0.5723260641098022 0
1764443833885 0.5661402940750122 0
1764444234147 0.5661402940750122 0
1764444432507 0.5835539102554321 0
1764444660453 0.5661402940750122 0
1764444661430 0.4177795946598053 1
1764444661836 0.36719903349876404 2
1764444662253 0.3276822566986084 3
1764444662700 0.3303033709526062 4
1764444663202 0.30622562766075134 5
1764444663612 0.3015005886554718 6
1764444664322 0.2744140028953552 7
1764444664980 0.28306078910827637 8
1764444665370 0.2657330632209778 9
1764444665821 0.2705376446247101 10
1764444666440 0.2679491937160492 11
1764444666819 0.2557438611984253 12
1764444667274 0.2573629319667816 13
1764444667934 0.26621097326278687 14
1764444668591 0.2347235083580017 15
1764443470354 0.7178290486335754 0
1764443470354 0.7178290486335754 0
1764443649000 0.5723260641098022 0
1764443470354 0.7178290486335754 0
1764443470354 0.7178290486335754 0
1764443649000 0.5723260641098022 0
1764443833885 0.5661402940750122 0
1764443470354 0.7178290486335754 0
1764443470354 0.7178290486335754 0
1764443649000 0.5723260641098022 0
1764443470354 0.7178290486335754 0
1764443470354 0.7178290486335754 0
1764443649000 0.5723260641098022 0
1764443833885 0.5661402940750122 0
1764444234147 0.5661402940750122 0
1764443470354 0.7178290486335754 0
1764443470354 0.7178290486335754 0
1764443649000 0.5723260641098022 0
1764443470354 0.7178290486335754 0
1764443470354 0.7178290486335754 0
1764443649000 0.5723260641098022 0
1764443833885 0.5661402940750122 0
1764443470354 0.7178290486335754 0
1764443470354 0.7178290486335754 0
1764443649000 0.5723260641098022 0
1764443470354 0.7178290486335754 0
1764443470354 0.7178290486335754 0
1764443649000 0.5723260641098022 0
1764443833885 0.5661402940750122 0
1764444234147 0.5661402940750122 0
1764444432507 0.5835539102554321 0
1764443470354 0.7178290486335754 0
1764443470354 0.7178290486335754 0
1764443649000 0.5723260641098022 0
1764443470354 0.7178290486335754 0
1764443470354 0.7178290486335754 0
1764443649000 0.5723260641098022 0
1764443833885 0.5661402940750122 0
1764443470354 0.7178290486335754 0
1764443470354 0.7178290486335754 0
1764443649000 0.5723260641098022 0
1764443470354 0.7178290486335754 0
1764443470354 0.7178290486335754 0
1764443649000 0.5723260641098022 0
1764443833885 0.5661402940750122 0
1764444234147 0.5661402940750122 0
1764443470354 0.7178290486335754 0
1764443470354 0.7178290486335754 0
1764443649000 0.5723260641098022 0
1764443470354 0.7178290486335754 0
1764443470354 0.7178290486335754 0
1764443649000 0.5723260641098022 0
1764443833885 0.5661402940750122 0
1764443470354 0.7178290486335754 0
1764443470354 0.7178290486335754 0
1764443649000 0.5723260641098022 0
1764443470354 0.7178290486335754 0
1764443470354 0.7178290486335754 0
1764443649000 0.5723260641098022 0
1764443833885 0.5661402940750122 0
1764444234147 0.5661402940750122 0
1764444432507 0.5835539102554321 0
1764444660453 0.5661402940750122 0
