1764459396465 0.8679999709129333 0 f510aa2986a4409a8faca1a4d6eb5089
1764459396674 0.8960000276565552 1 f510aa2986a4409a8faca1a4d6eb5089
1764459396875 0.8960000276565552 2 f510aa2986a4409a8faca1a4d6eb5089
1764459397096 0.8960000276565552 3 f510aa2986a4409a8faca1a4d6eb5089
1764459397281 0.8960000276565552 4 f510aa2986a4409a8faca1a4d6eb5089
1764459397468 0.8960000276565552 5 f510aa2986a4409a8faca1a4d6eb5089
1764459397654 0.8999999761581421 6 f510aa2986a4409a8faca1a4d6eb5089
1764459397848 0.8980000019073486 7 f510aa2986a4409a8faca1a4d6eb5089
1764459398025 0.8999999761581421 8 f510aa2986a4409a8faca1a4d6eb5089
1764459398201 0.906000018119812 9 f510aa2986a4409a8faca1a4d6eb5089
1764459398392 0.9120000004768372 10 f510aa2986a4409a8faca1a4d6eb5089
1764459398591 0.9179999828338623 11 f510aa2986a4409a8faca1a4d6eb5089
1764459398776 0.921999990940094 12 f510aa2986a4409a8faca1a4d6eb5089
1764459398960 0.9300000071525574 13 f510aa2986a4409a8faca1a4d6eb5089
1764459399163 0.9300000071525574 14 f510aa2986a4409a8faca1a4d6eb5089
1764459399342 0.9380000233650208 15 f510aa2986a4409a8faca1a4d6eb5089
1764459399522 0.9380000233650208 16 f510aa2986a4409a8faca1a4d6eb5089
1764459399723 0.9459999799728394 17 f510aa2986a4409a8faca1a4d6eb5089
1764459399908 0.9559999704360962 18 f510aa2986a4409a8faca1a4d6eb5089
1764459400124 0.9559999704360962 19 f510aa2986a4409a8faca1a4d6eb5089
1764452965886 0.8679999709129333 0 f510aa2986a4409a8faca1a4d6eb5089
1764452965886 0.8679999709129333 0 f510aa2986a4409a8faca1a4d6eb5089
1764455993744 0.8679999709129333 0 f510aa2986a4409a8faca1a4d6eb5089
1764452965886 0.8679999709129333 0 f510aa2986a4409a8faca1a4d6eb5089
1764452965886 0.8679999709129333 0 f510aa2986a4409a8faca1a4d6eb5089
1764455993744 0.8679999709129333 0 f510aa2986a4409a8faca1a4d6eb5089
1764456858033 0.8679999709129333 0 f510aa2986a4409a8faca1a4d6eb5089
1764452965886 0.8679999709129333 0 f510aa2986a4409a8faca1a4d6eb5089
1764452965886 0.8679999709129333 0 f510aa2986a4409a8faca1a4d6eb5089
1764455993744 0.8679999709129333 0 f510aa2986a4409a8faca1a4d6eb5089
1764452965886 0.8679999709129333 0 f510aa2986a4409a8faca1a4d6eb5089
1764452965886 0.8679999709129333 0 f510aa2986a4409a8faca1a4d6eb5089
1764455993744 0.8679999709129333 0 f510aa2986a4409a8faca1a4d6eb5089
1764456858033 0.8679999709129333 0 f510aa2986a4409a8faca1a4d6eb5089
1764457250316 0.8679999709129333 0 f510aa2986a4409a8faca1a4d6eb5089
1764452965886 0.8679999709129333 0 f510aa2986a4409a8faca1a4d6eb5089
1764452965886 0.8679999709129333 0 f510aa2986a4409a8faca1a4d6eb5089
1764455993744 0.8679999709129333 0 f510aa2986a4409a8faca1a4d6eb5089
1764452965886 0.8679999709129333 0 f510aa2986a4409a8faca1a4d6eb5089
1764452965886 0.8679999709129333 0 f510aa2986a4409a8faca1a4d6eb5089
1764455993744 0.8679999709129333 0 f510aa2986a4409a8faca1a4d6eb5089
1764456858033 0.8679999709129333 0 f510aa2986a4409a8faca1a4d6eb5089
1764452965886 0.8679999709129333 0 f510aa2986a4409a8faca1a4d6eb5089
1764452965886 0.8679999709129333 0 f510aa2986a4409a8faca1a4d6eb5089
1764455993744 0.8679999709129333 0 f510aa2986a4409a8faca1a4d6eb5089
1764452965886 0.8679999709129333 0 f510aa2986a4409a8faca1a4d6eb5089
1764452965886 0.8679999709129333 0 f510aa2986a4409a8faca1a4d6eb5089
1764455993744 0.8679999709129333 0 f510aa2986a4409a8faca1a4d6eb5089
1764456858033 0.8679999709129333 0 f510aa2986a4409a8faca1a4d6eb5089
1764457250316 0.8679999709129333 0 f510aa2986a4409a8faca1a4d6eb5089
1764459396465 0.8679999709129333 0 f510aa2986a4409a8faca1a4d6eb5089
