1764459396465 0.9284288883209229 0 f510aa2986a4409a8faca1a4d6eb5089
1764459396674 0.9446625709533691 1 f510aa2986a4409a8faca1a4d6eb5089
1764459396875 0.9446625709533691 2 f510aa2986a4409a8faca1a4d6eb5089
1764459397096 0.9446625709533691 3 f510aa2986a4409a8faca1a4d6eb5089
1764459397281 0.9446625709533691 4 f510aa2986a4409a8faca1a4d6eb5089
1764459397468 0.9446625709533691 5 f510aa2986a4409a8faca1a4d6eb5089
1764459397654 0.9466277956962585 6 f510aa2986a4409a8faca1a4d6eb5089
1764459397848 0.945534884929657 7 f510aa2986a4409a8faca1a4d6eb5089
1764459398025 0.9466277956962585 8 f510aa2986a4409a8faca1a4d6eb5089
1764459398201 0.9500864744186401 9 f510aa2986a4409a8faca1a4d6eb5089
1764459398392 0.9527900815010071 10 f510aa2986a4409a8faca1a4d6eb5089
1764459398591 0.955578088760376 11 f510aa2986a4409a8faca1a4d6eb5089
1764459398776 0.9584317207336426 12 f510aa2986a4409a8faca1a4d6eb5089
1764459398960 0.9625283479690552 13 f510aa2986a4409a8faca1a4d6eb5089
1764459399163 0.9619230031967163 14 f510aa2986a4409a8faca1a4d6eb5089
1764459399342 0.9664523601531982 15 f510aa2986a4409a8faca1a4d6eb5089
1764459399522 0.9663841724395752 16 f510aa2986a4409a8faca1a4d6eb5089
1764459399723 0.9707173705101013 17 f510aa2986a4409a8faca1a4d6eb5089
1764459399908 0.9760497212409973 18 f510aa2986a4409a8faca1a4d6eb5089
1764459400124 0.9759466052055359 19 f510aa2986a4409a8faca1a4d6eb5089
1764452965886 0.9284288883209229 0 f510aa2986a4409a8faca1a4d6eb5089
1764452965886 0.9284288883209229 0 f510aa2986a4409a8faca1a4d6eb5089
1764455993744 0.9284288883209229 0 f510aa2986a4409a8faca1a4d6eb5089
1764452965886 0.9284288883209229 0 f510aa2986a4409a8faca1a4d6eb5089
1764452965886 0.9284288883209229 0 f510aa2986a4409a8faca1a4d6eb5089
1764455993744 0.9284288883209229 0 f510aa2986a4409a8faca1a4d6eb5089
1764456858033 0.9284288883209229 0 f510aa2986a4409a8faca1a4d6eb5089
1764452965886 0.9284288883209229 0 f510aa2986a4409a8faca1a4d6eb5089
1764452965886 0.9284288883209229 0 f510aa2986a4409a8faca1a4d6eb5089
1764455993744 0.9284288883209229 0 f510aa2986a4409a8faca1a4d6eb5089
1764452965886 0.9284288883209229 0 f510aa2986a4409a8faca1a4d6eb5089
1764452965886 0.9284288883209229 0 f510aa2986a4409a8faca1a4d6eb5089
1764455993744 0.9284288883209229 0 f510aa2986a4409a8faca1a4d6eb5089
1764456858033 0.9284288883209229 0 f510aa2986a4409a8faca1a4d6eb5089
1764457250316 0.9284288883209229 0 f510aa2986a4409a8faca1a4d6eb5089
1764452965886 0.9284288883209229 0 f510aa2986a4409a8faca1a4d6eb5089
1764452965886 0.9284288883209229 0 f510aa2986a4409a8faca1a4d6eb5089
1764455993744 0.9284288883209229 0 f510aa2986a4409a8faca1a4d6eb5089
1764452965886 0.9284288883209229 0 f510aa2986a4409a8faca1a4d6eb5089
1764452965886 0.9284288883209229 0 f510aa2986a4409a8faca1a4d6eb5089
1764455993744 0.9284288883209229 0 f510aa2986a4409a8faca1a4d6eb5089
1764456858033 0.9284288883209229 0 f510aa2986a4409a8faca1a4d6eb5089
1764452965886 0.9284288883209229 0 f510aa2986a4409a8faca1a4d6eb5089
1764452965886 0.9284288883209229 0 f510aa2986a4409a8faca1a4d6eb5089
1764455993744 0.9284288883209229 0 f510aa2986a4409a8faca1a4d6eb5089
1764452965886 0.9284288883209229 0 f510aa2986a4409a8faca1a4d6eb5089
1764452965886 0.9284288883209229 0 f510aa2986a4409a8faca1a4d6eb5089
1764455993744 0.9284288883209229 0 f510aa2986a4409a8faca1a4d6eb5089
1764456858033 0.9284288883209229 0 f510aa2986a4409a8faca1a4d6eb5089
1764457250316 0.9284288883209229 0 f510aa2986a4409a8faca1a4d6eb5089
1764459396465 0.9284288883209229 0 f510aa2986a4409a8faca1a4d6eb5089
