1764459396465 0.43424710631370544 0 f510aa2986a4409a8faca1a4d6eb5089
1764459396674 0.3413487672805786 1 f510aa2986a4409a8faca1a4d6eb5089
1764459396875 0.320115864276886 2 f510aa2986a4409a8faca1a4d6eb5089
1764459397096 0.30588310956954956 3 f510aa2986a4409a8faca1a4d6eb5089
1764459397281 0.28246432542800903 4 f510aa2986a4409a8faca1a4d6eb5089
1764459397468 0.25610876083374023 5 f510aa2986a4409a8faca1a4d6eb5089
1764459397654 0.25936904549598694 6 f510aa2986a4409a8faca1a4d6eb5089
1764459397848 0.24590696394443512 7 f510aa2986a4409a8faca1a4d6eb5089
1764459398025 0.23346391320228577 8 f510aa2986a4409a8faca1a4d6eb5089
1764459398201 0.2193542867898941 9 f510aa2986a4409a8faca1a4d6eb5089
1764459398392 0.2064635008573532 10 f510aa2986a4409a8faca1a4d6eb5089
1764459398591 0.19525539875030518 11 f510aa2986a4409a8faca1a4d6eb5089
1764459398776 0.18898464739322662 12 f510aa2986a4409a8faca1a4d6eb5089
1764459398960 0.16678090393543243 13 f510aa2986a4409a8faca1a4d6eb5089
1764459399163 0.16693930327892303 14 f510aa2986a4409a8faca1a4d6eb5089
1764459399342 0.15376028418540955 15 f510aa2986a4409a8faca1a4d6eb5089
1764459399522 0.15054434537887573 16 f510aa2986a4409a8faca1a4d6eb5089
1764459399723 0.14443817734718323 17 f510aa2986a4409a8faca1a4d6eb5089
1764459399908 0.14280898869037628 18 f510aa2986a4409a8faca1a4d6eb5089
1764459400124 0.1235126182436943 19 f510aa2986a4409a8faca1a4d6eb5089
1764452965886 0.43424710631370544 0 f510aa2986a4409a8faca1a4d6eb5089
1764452965886 0.43424710631370544 0 f510aa2986a4409a8faca1a4d6eb5089
1764455993744 0.43424710631370544 0 f510aa2986a4409a8faca1a4d6eb5089
1764452965886 0.43424710631370544 0 f510aa2986a4409a8faca1a4d6eb5089
1764452965886 0.43424710631370544 0 f510aa2986a4409a8faca1a4d6eb5089
1764455993744 0.43424710631370544 0 f510aa2986a4409a8faca1a4d6eb5089
1764456858033 0.43424710631370544 0 f510aa2986a4409a8faca1a4d6eb5089
1764452965886 0.43424710631370544 0 f510aa2986a4409a8faca1a4d6eb5089
1764452965886 0.43424710631370544 0 f510aa2986a4409a8faca1a4d6eb5089
1764455993744 0.43424710631370544 0 f510aa2986a4409a8faca1a4d6eb5089
1764452965886 0.43424710631370544 0 f510aa2986a4409a8faca1a4d6eb5089
1764452965886 0.43424710631370544 0 f510aa2986a4409a8faca1a4d6eb5089
1764455993744 0.43424710631370544 0 f510aa2986a4409a8faca1a4d6eb5089
1764456858033 0.43424710631370544 0 f510aa2986a4409a8faca1a4d6eb5089
1764457250316 0.43424710631370544 0 f510aa2986a4409a8faca1a4d6eb5089
1764452965886 0.43424710631370544 0 f510aa2986a4409a8faca1a4d6eb5089
1764452965886 0.43424710631370544 0 f510aa2986a4409a8faca1a4d6eb5089
1764455993744 0.43424710631370544 0 f510aa2986a4409a8faca1a4d6eb5089
1764452965886 0.43424710631370544 0 f510aa2986a4409a8faca1a4d6eb5089
1764452965886 0.43424710631370544 0 f510aa2986a4409a8faca1a4d6eb5089
1764455993744 0.43424710631370544 0 f510aa2986a4409a8faca1a4d6eb5089
1764456858033 0.43424710631370544 0 f510aa2986a4409a8faca1a4d6eb5089
1764452965886 0.43424710631370544 0 f510aa2986a4409a8faca1a4d6eb5089
1764452965886 0.43424710631370544 0 f510aa2986a4409a8faca1a4d6eb5089
1764455993744 0.43424710631370544 0 f510aa2986a4409a8faca1a4d6eb5089
1764452965886 0.43424710631370544 0 f510aa2986a4409a8faca1a4d6eb5089
1764452965886 0.43424710631370544 0 f510aa2986a4409a8faca1a4d6eb5089
1764455993744 0.43424710631370544 0 f510aa2986a4409a8faca1a4d6eb5089
1764456858033 0.43424710631370544 0 f510aa2986a4409a8faca1a4d6eb5089
1764457250316 0.43424710631370544 0 f510aa2986a4409a8faca1a4d6eb5089
1764459396465 0.43424710631370544 0 f510aa2986a4409a8faca1a4d6eb5089
