1764459396465 0.8930041193962097 0 f510aa2986a4409a8faca1a4d6eb5089
1764459396674 0.8960000276565552 1 f510aa2986a4409a8faca1a4d6eb5089
1764459396875 0.8960000276565552 2 f510aa2986a4409a8faca1a4d6eb5089
1764459397096 0.8960000276565552 3 f510aa2986a4409a8faca1a4d6eb5089
1764459397281 0.8960000276565552 4 f510aa2986a4409a8faca1a4d6eb5089
1764459397468 0.8960000276565552 5 f510aa2986a4409a8faca1a4d6eb5089
1764459397654 0.8995984196662903 6 f510aa2986a4409a8faca1a4d6eb5089
1764459397848 0.8993963599205017 7 f510aa2986a4409a8faca1a4d6eb5089
1764459398025 0.8995984196662903 8 f510aa2986a4409a8faca1a4d6eb5089
1764459398201 0.9100204706192017 9 f510aa2986a4409a8faca1a4d6eb5089
1764459398392 0.9122449159622192 10 f510aa2986a4409a8faca1a4d6eb5089
1764459398591 0.9195876121520996 11 f510aa2986a4409a8faca1a4d6eb5089
1764459398776 0.9251559376716614 12 f510aa2986a4409a8faca1a4d6eb5089
1764459398960 0.931106448173523 13 f510aa2986a4409a8faca1a4d6eb5089
1764459399163 0.9329140186309814 14 f510aa2986a4409a8faca1a4d6eb5089
1764459399342 0.9408034086227417 15 f510aa2986a4409a8faca1a4d6eb5089
1764459399522 0.9408034086227417 16 f510aa2986a4409a8faca1a4d6eb5089
1764459399723 0.9469214677810669 17 f510aa2986a4409a8faca1a4d6eb5089
1764459399908 0.9630434513092041 18 f510aa2986a4409a8faca1a4d6eb5089
1764459400124 0.9551281929016113 19 f510aa2986a4409a8faca1a4d6eb5089
1764452965886 0.8930041193962097 0 f510aa2986a4409a8faca1a4d6eb5089
1764452965886 0.8930041193962097 0 f510aa2986a4409a8faca1a4d6eb5089
1764455993744 0.8930041193962097 0 f510aa2986a4409a8faca1a4d6eb5089
1764452965886 0.8930041193962097 0 f510aa2986a4409a8faca1a4d6eb5089
1764452965886 0.8930041193962097 0 f510aa2986a4409a8faca1a4d6eb5089
1764455993744 0.8930041193962097 0 f510aa2986a4409a8faca1a4d6eb5089
1764456858033 0.8930041193962097 0 f510aa2986a4409a8faca1a4d6eb5089
1764452965886 0.8930041193962097 0 f510aa2986a4409a8faca1a4d6eb5089
1764452965886 0.8930041193962097 0 f510aa2986a4409a8faca1a4d6eb5089
1764455993744 0.8930041193962097 0 f510aa2986a4409a8faca1a4d6eb5089
1764452965886 0.8930041193962097 0 f510aa2986a4409a8faca1a4d6eb5089
1764452965886 0.8930041193962097 0 f510aa2986a4409a8faca1a4d6eb5089
1764455993744 0.8930041193962097 0 f510aa2986a4409a8faca1a4d6eb5089
1764456858033 0.8930041193962097 0 f510aa2986a4409a8faca1a4d6eb5089
1764457250316 0.8930041193962097 0 f510aa2986a4409a8faca1a4d6eb5089
1764452965886 0.8930041193962097 0 f510aa2986a4409a8faca1a4d6eb5089
1764452965886 0.8930041193962097 0 f510aa2986a4409a8faca1a4d6eb5089
1764455993744 0.8930041193962097 0 f510aa2986a4409a8faca1a4d6eb5089
1764452965886 0.8930041193962097 0 f510aa2986a4409a8faca1a4d6eb5089
1764452965886 0.8930041193962097 0 f510aa2986a4409a8faca1a4d6eb5089
1764455993744 0.8930041193962097 0 f510aa2986a4409a8faca1a4d6eb5089
1764456858033 0.8930041193962097 0 f510aa2986a4409a8faca1a4d6eb5089
1764452965886 0.8930041193962097 0 f510aa2986a4409a8faca1a4d6eb5089
1764452965886 0.8930041193962097 0 f510aa2986a4409a8faca1a4d6eb5089
1764455993744 0.8930041193962097 0 f510aa2986a4409a8faca1a4d6eb5089
1764452965886 0.8930041193962097 0 f510aa2986a4409a8faca1a4d6eb5089
1764452965886 0.8930041193962097 0 f510aa2986a4409a8faca1a4d6eb5089
1764455993744 0.8930041193962097 0 f510aa2986a4409a8faca1a4d6eb5089
1764456858033 0.8930041193962097 0 f510aa2986a4409a8faca1a4d6eb5089
1764457250316 0.8930041193962097 0 f510aa2986a4409a8faca1a4d6eb5089
1764459396465 0.8930041193962097 0 f510aa2986a4409a8faca1a4d6eb5089
