1764442722540 0.17777906358242035 0 1777d81226aa4bb498c1c5c4b71ed478
1764442722949 0.17689645290374756 1 1777d81226aa4bb498c1c5c4b71ed478
1764442723339 0.14697107672691345 2 1777d81226aa4bb498c1c5c4b71ed478
1764442723716 0.14496368169784546 3 1777d81226aa4bb498c1c5c4b71ed478
1764442724171 0.15710699558258057 4 1777d81226aa4bb498c1c5c4b71ed478
1764442724556 0.13827605545520782 5 1777d81226aa4bb498c1c5c4b71ed478
1764442724941 0.14843355119228363 6 1777d81226aa4bb498c1c5c4b71ed478
1764442725300 0.14655733108520508 7 1777d81226aa4bb498c1c5c4b71ed478
1764442725695 0.12260093539953232 8 1777d81226aa4bb498c1c5c4b71ed478
1764442726154 0.11849910765886307 9 1777d81226aa4bb498c1c5c4b71ed478
1764442726557 0.10753034055233002 10 1777d81226aa4bb498c1c5c4b71ed478
1764442722540 0.17777906358242035 0 1777d81226aa4bb498c1c5c4b71ed478
