1764442722540 0.2852722406387329 0 1777d81226aa4bb498c1c5c4b71ed478
1764442722949 0.2893523573875427 1 1777d81226aa4bb498c1c5c4b71ed478
1764442723339 0.27302464842796326 2 1777d81226aa4bb498c1c5c4b71ed478
1764442723716 0.2793413996696472 3 1777d81226aa4bb498c1c5c4b71ed478
1764442724171 0.27378049492836 4 1777d81226aa4bb498c1c5c4b71ed478
1764442724556 0.2616422474384308 5 1777d81226aa4bb498c1c5c4b71ed478
1764442724941 0.2673761546611786 6 1777d81226aa4bb498c1c5c4b71ed478
1764442725300 0.2636421024799347 7 1777d81226aa4bb498c1c5c4b71ed478
1764442725695 0.24725253880023956 8 1777d81226aa4bb498c1c5c4b71ed478
1764442726154 0.24546277523040771 9 1777d81226aa4bb498c1c5c4b71ed478
1764442726557 0.23044174909591675 10 1777d81226aa4bb498c1c5c4b71ed478
1764442722540 0.2852722406387329 0 1777d81226aa4bb498c1c5c4b71ed478
