1764455993744 0.8679999709129333 0 f510aa2986a4409a8faca1a4d6eb5089
1764455994229 0.8960000276565552 1 f510aa2986a4409a8faca1a4d6eb5089
1764455994652 0.8960000276565552 2 f510aa2986a4409a8faca1a4d6eb5089
1764455995074 0.8960000276565552 3 f510aa2986a4409a8faca1a4d6eb5089
1764455995558 0.8960000276565552 4 f510aa2986a4409a8faca1a4d6eb5089
1764455996139 0.8960000276565552 5 f510aa2986a4409a8faca1a4d6eb5089
1764455996554 0.8999999761581421 6 f510aa2986a4409a8faca1a4d6eb5089
1764455996960 0.8980000019073486 7 f510aa2986a4409a8faca1a4d6eb5089
1764455997351 0.8999999761581421 8 f510aa2986a4409a8faca1a4d6eb5089
1764455997761 0.906000018119812 9 f510aa2986a4409a8faca1a4d6eb5089
1764455998161 0.9120000004768372 10 f510aa2986a4409a8faca1a4d6eb5089
1764455998658 0.9179999828338623 11 f510aa2986a4409a8faca1a4d6eb5089
1764455999255 0.921999990940094 12 f510aa2986a4409a8faca1a4d6eb5089
1764455999671 0.9300000071525574 13 f510aa2986a4409a8faca1a4d6eb5089
1764456000087 0.9300000071525574 14 f510aa2986a4409a8faca1a4d6eb5089
1764456000548 0.9380000233650208 15 f510aa2986a4409a8faca1a4d6eb5089
1764456000954 0.9380000233650208 16 f510aa2986a4409a8faca1a4d6eb5089
1764456001369 0.9459999799728394 17 f510aa2986a4409a8faca1a4d6eb5089
1764456001769 0.9559999704360962 18 f510aa2986a4409a8faca1a4d6eb5089
1764456002171 0.9559999704360962 19 f510aa2986a4409a8faca1a4d6eb5089
1764452965886 0.8679999709129333 0 f510aa2986a4409a8faca1a4d6eb5089
1764452965886 0.8679999709129333 0 f510aa2986a4409a8faca1a4d6eb5089
1764455993744 0.8679999709129333 0 f510aa2986a4409a8faca1a4d6eb5089
