1764455993744 0.9284288883209229 0 f510aa2986a4409a8faca1a4d6eb5089
1764455994229 0.9446625709533691 1 f510aa2986a4409a8faca1a4d6eb5089
1764455994652 0.9446625709533691 2 f510aa2986a4409a8faca1a4d6eb5089
1764455995074 0.9446625709533691 3 f510aa2986a4409a8faca1a4d6eb5089
1764455995558 0.9446625709533691 4 f510aa2986a4409a8faca1a4d6eb5089
1764455996139 0.9446625709533691 5 f510aa2986a4409a8faca1a4d6eb5089
1764455996554 0.9466277956962585 6 f510aa2986a4409a8faca1a4d6eb5089
1764455996960 0.945534884929657 7 f510aa2986a4409a8faca1a4d6eb5089
1764455997351 0.9466277956962585 8 f510aa2986a4409a8faca1a4d6eb5089
1764455997761 0.9500864744186401 9 f510aa2986a4409a8faca1a4d6eb5089
1764455998161 0.9527900815010071 10 f510aa2986a4409a8faca1a4d6eb5089
1764455998658 0.955578088760376 11 f510aa2986a4409a8faca1a4d6eb5089
1764455999255 0.9584317207336426 12 f510aa2986a4409a8faca1a4d6eb5089
1764455999671 0.9625283479690552 13 f510aa2986a4409a8faca1a4d6eb5089
1764456000087 0.9619230031967163 14 f510aa2986a4409a8faca1a4d6eb5089
1764456000548 0.9664523601531982 15 f510aa2986a4409a8faca1a4d6eb5089
1764456000954 0.9663841724395752 16 f510aa2986a4409a8faca1a4d6eb5089
1764456001369 0.9707173705101013 17 f510aa2986a4409a8faca1a4d6eb5089
1764456001769 0.9760497212409973 18 f510aa2986a4409a8faca1a4d6eb5089
1764456002171 0.9759466052055359 19 f510aa2986a4409a8faca1a4d6eb5089
1764452965886 0.9284288883209229 0 f510aa2986a4409a8faca1a4d6eb5089
1764452965886 0.9284288883209229 0 f510aa2986a4409a8faca1a4d6eb5089
1764455993744 0.9284288883209229 0 f510aa2986a4409a8faca1a4d6eb5089
