1764455993744 0.8930041193962097 0 f510aa2986a4409a8faca1a4d6eb5089
1764455994229 0.8960000276565552 1 f510aa2986a4409a8faca1a4d6eb5089
1764455994652 0.8960000276565552 2 f510aa2986a4409a8faca1a4d6eb5089
1764455995074 0.8960000276565552 3 f510aa2986a4409a8faca1a4d6eb5089
1764455995558 0.8960000276565552 4 f510aa2986a4409a8faca1a4d6eb5089
1764455996139 0.8960000276565552 5 f510aa2986a4409a8faca1a4d6eb5089
1764455996554 0.8995984196662903 6 f510aa2986a4409a8faca1a4d6eb5089
1764455996960 0.8993963599205017 7 f510aa2986a4409a8faca1a4d6eb5089
1764455997351 0.8995984196662903 8 f510aa2986a4409a8faca1a4d6eb5089
1764455997761 0.9100204706192017 9 f510aa2986a4409a8faca1a4d6eb5089
1764455998161 0.9122449159622192 10 f510aa2986a4409a8faca1a4d6eb5089
1764455998658 0.9195876121520996 11 f510aa2986a4409a8faca1a4d6eb5089
1764455999255 0.9251559376716614 12 f510aa2986a4409a8faca1a4d6eb5089
1764455999671 0.931106448173523 13 f510aa2986a4409a8faca1a4d6eb5089
1764456000087 0.9329140186309814 14 f510aa2986a4409a8faca1a4d6eb5089
1764456000548 0.9408034086227417 15 f510aa2986a4409a8faca1a4d6eb5089
1764456000954 0.9408034086227417 16 f510aa2986a4409a8faca1a4d6eb5089
1764456001369 0.9469214677810669 17 f510aa2986a4409a8faca1a4d6eb5089
1764456001769 0.9630434513092041 18 f510aa2986a4409a8faca1a4d6eb5089
1764456002171 0.9551281929016113 19 f510aa2986a4409a8faca1a4d6eb5089
1764452965886 0.8930041193962097 0 f510aa2986a4409a8faca1a4d6eb5089
1764452965886 0.8930041193962097 0 f510aa2986a4409a8faca1a4d6eb5089
1764455993744 0.8930041193962097 0 f510aa2986a4409a8faca1a4d6eb5089
