1764447206035 0.43424710631370544 0 6e4703ca7b8d4e6f8e59bdbd1456492f
1764447207113 0.3413487672805786 1 6e4703ca7b8d4e6f8e59bdbd1456492f
1764447207652 0.320115864276886 2 6e4703ca7b8d4e6f8e59bdbd1456492f
1764447208092 0.30588310956954956 3 6e4703ca7b8d4e6f8e59bdbd1456492f
1764447208545 0.28246432542800903 4 6e4703ca7b8d4e6f8e59bdbd1456492f
1764447209039 0.25610876083374023 5 6e4703ca7b8d4e6f8e59bdbd1456492f
1764447209494 0.25936904549598694 6 6e4703ca7b8d4e6f8e59bdbd1456492f
1764447209965 0.24590696394443512 7 6e4703ca7b8d4e6f8e59bdbd1456492f
1764447210424 0.23346391320228577 8 6e4703ca7b8d4e6f8e59bdbd1456492f
1764447211112 0.2193542867898941 9 6e4703ca7b8d4e6f8e59bdbd1456492f
1764447211808 0.2064635008573532 10 6e4703ca7b8d4e6f8e59bdbd1456492f
1764447212396 0.19525539875030518 11 6e4703ca7b8d4e6f8e59bdbd1456492f
1764447212901 0.18898464739322662 12 6e4703ca7b8d4e6f8e59bdbd1456492f
1764447213309 0.16678090393543243 13 6e4703ca7b8d4e6f8e59bdbd1456492f
1764447213839 0.16693930327892303 14 6e4703ca7b8d4e6f8e59bdbd1456492f
1764447214350 0.15376028418540955 15 6e4703ca7b8d4e6f8e59bdbd1456492f
1764447214935 0.15054434537887573 16 6e4703ca7b8d4e6f8e59bdbd1456492f
1764447215369 0.14443817734718323 17 6e4703ca7b8d4e6f8e59bdbd1456492f
1764447215876 0.14280898869037628 18 6e4703ca7b8d4e6f8e59bdbd1456492f
1764447216356 0.1235126182436943 19 6e4703ca7b8d4e6f8e59bdbd1456492f
1764446555992 0.43424710631370544 0 6e4703ca7b8d4e6f8e59bdbd1456492f
1764446555992 0.43424710631370544 0 6e4703ca7b8d4e6f8e59bdbd1456492f
1764447074704 0.43424710631370544 0 6e4703ca7b8d4e6f8e59bdbd1456492f
1764446555992 0.43424710631370544 0 6e4703ca7b8d4e6f8e59bdbd1456492f
1764446555992 0.43424710631370544 0 6e4703ca7b8d4e6f8e59bdbd1456492f
1764447074704 0.43424710631370544 0 6e4703ca7b8d4e6f8e59bdbd1456492f
1764447206035 0.43424710631370544 0 6e4703ca7b8d4e6f8e59bdbd1456492f
