1764447206035 0.8930041193962097 0 6e4703ca7b8d4e6f8e59bdbd1456492f
1764447207113 0.8960000276565552 1 6e4703ca7b8d4e6f8e59bdbd1456492f
1764447207652 0.8960000276565552 2 6e4703ca7b8d4e6f8e59bdbd1456492f
1764447208092 0.8960000276565552 3 6e4703ca7b8d4e6f8e59bdbd1456492f
1764447208545 0.8960000276565552 4 6e4703ca7b8d4e6f8e59bdbd1456492f
1764447209039 0.8960000276565552 5 6e4703ca7b8d4e6f8e59bdbd1456492f
1764447209494 0.8995984196662903 6 6e4703ca7b8d4e6f8e59bdbd1456492f
1764447209965 0.8993963599205017 7 6e4703ca7b8d4e6f8e59bdbd1456492f
1764447210424 0.8995984196662903 8 6e4703ca7b8d4e6f8e59bdbd1456492f
1764447211112 0.9100204706192017 9 6e4703ca7b8d4e6f8e59bdbd1456492f
1764447211808 0.9122449159622192 10 6e4703ca7b8d4e6f8e59bdbd1456492f
1764447212396 0.9195876121520996 11 6e4703ca7b8d4e6f8e59bdbd1456492f
1764447212901 0.9251559376716614 12 6e4703ca7b8d4e6f8e59bdbd1456492f
1764447213309 0.931106448173523 13 6e4703ca7b8d4e6f8e59bdbd1456492f
1764447213839 0.9329140186309814 14 6e4703ca7b8d4e6f8e59bdbd1456492f
1764447214350 0.9408034086227417 15 6e4703ca7b8d4e6f8e59bdbd1456492f
1764447214935 0.9408034086227417 16 6e4703ca7b8d4e6f8e59bdbd1456492f
1764447215369 0.9469214677810669 17 6e4703ca7b8d4e6f8e59bdbd1456492f
1764447215876 0.9630434513092041 18 6e4703ca7b8d4e6f8e59bdbd1456492f
1764447216356 0.9551281929016113 19 6e4703ca7b8d4e6f8e59bdbd1456492f
1764446555992 0.8930041193962097 0 6e4703ca7b8d4e6f8e59bdbd1456492f
1764446555992 0.8930041193962097 0 6e4703ca7b8d4e6f8e59bdbd1456492f
1764447074704 0.8930041193962097 0 6e4703ca7b8d4e6f8e59bdbd1456492f
1764446555992 0.8930041193962097 0 6e4703ca7b8d4e6f8e59bdbd1456492f
1764446555992 0.8930041193962097 0 6e4703ca7b8d4e6f8e59bdbd1456492f
1764447074704 0.8930041193962097 0 6e4703ca7b8d4e6f8e59bdbd1456492f
1764447206035 0.8930041193962097 0 6e4703ca7b8d4e6f8e59bdbd1456492f
