1764447206035 0.96875 0 6e4703ca7b8d4e6f8e59bdbd1456492f
1764447207113 1.0 1 6e4703ca7b8d4e6f8e59bdbd1456492f
1764447207652 1.0 2 6e4703ca7b8d4e6f8e59bdbd1456492f
1764447208092 1.0 3 6e4703ca7b8d4e6f8e59bdbd1456492f
1764447208545 1.0 4 6e4703ca7b8d4e6f8e59bdbd1456492f
1764447209039 1.0 5 6e4703ca7b8d4e6f8e59bdbd1456492f
1764447209494 1.0 6 6e4703ca7b8d4e6f8e59bdbd1456492f
1764447209965 0.9977678656578064 7 6e4703ca7b8d4e6f8e59bdbd1456492f
1764447210424 1.0 8 6e4703ca7b8d4e6f8e59bdbd1456492f
1764447211112 0.9933035969734192 9 6e4703ca7b8d4e6f8e59bdbd1456492f
1764447211808 0.9977678656578064 10 6e4703ca7b8d4e6f8e59bdbd1456492f
1764447212396 0.9955357313156128 11 6e4703ca7b8d4e6f8e59bdbd1456492f
1764447212901 0.9933035969734192 12 6e4703ca7b8d4e6f8e59bdbd1456492f
1764447213309 0.9955357313156128 13 6e4703ca7b8d4e6f8e59bdbd1456492f
1764447213839 0.9933035969734192 14 6e4703ca7b8d4e6f8e59bdbd1456492f
1764447214350 0.9933035969734192 15 6e4703ca7b8d4e6f8e59bdbd1456492f
1764447214935 0.9933035969734192 16 6e4703ca7b8d4e6f8e59bdbd1456492f
1764447215369 0.9955357313156128 17 6e4703ca7b8d4e6f8e59bdbd1456492f
1764447215876 0.9888392686843872 18 6e4703ca7b8d4e6f8e59bdbd1456492f
1764447216356 0.9977678656578064 19 6e4703ca7b8d4e6f8e59bdbd1456492f
1764446555992 0.96875 0 6e4703ca7b8d4e6f8e59bdbd1456492f
1764446555992 0.96875 0 6e4703ca7b8d4e6f8e59bdbd1456492f
1764447074704 0.96875 0 6e4703ca7b8d4e6f8e59bdbd1456492f
1764446555992 0.96875 0 6e4703ca7b8d4e6f8e59bdbd1456492f
1764446555992 0.96875 0 6e4703ca7b8d4e6f8e59bdbd1456492f
1764447074704 0.96875 0 6e4703ca7b8d4e6f8e59bdbd1456492f
1764447206035 0.96875 0 6e4703ca7b8d4e6f8e59bdbd1456492f
