1764445008662 0.7638131976127625 0
1764445009055 0.3707846403121948 1
1764445009716 0.31082263588905334 2
1764445010446 0.2632136344909668 3
1764445011038 0.2551385164260864 4
1764445011773 0.21313001215457916 5
1764445012150 0.20151472091674805 6
1764445012859 0.19953422248363495 7
1764445013373 0.1945163756608963 8
1764445013744 0.19502879679203033 9
1764445014092 0.16964009404182434 10
1764445014453 0.15964452922344208 11
1764445014786 0.14889325201511383 12
1764445015198 0.16046501696109772 13
1764445015809 0.15474022924900055 14
1764445016155 0.16248978674411774 15
1764445016580 0.14479129016399384 16
1764445017165 0.13487739861011505 17
1764445017883 0.1254929006099701 18
1764445018518 0.12258892506361008 19
1764445008662 0.7638131976127625 0
