1764445325087 0.7486367225646973 0 f7202ab73955493297adbfe3ed997c86
1764445326065 0.360686719417572 1 f7202ab73955493297adbfe3ed997c86
1764445326594 0.2971998155117035 2 f7202ab73955493297adbfe3ed997c86
1764445327276 0.24533258378505707 3 f7202ab73955493297adbfe3ed997c86
1764445327876 0.24009022116661072 4 f7202ab73955493297adbfe3ed997c86
1764445328595 0.21719732880592346 5 f7202ab73955493297adbfe3ed997c86
1764445329218 0.20536543428897858 6 f7202ab73955493297adbfe3ed997c86
1764445329708 0.18905532360076904 7 f7202ab73955493297adbfe3ed997c86
1764445330347 0.18921810388565063 8 f7202ab73955493297adbfe3ed997c86
1764445330758 0.18222187459468842 9 f7202ab73955493297adbfe3ed997c86
1764445331250 0.1551235020160675 10 f7202ab73955493297adbfe3ed997c86
1764445331693 0.16289466619491577 11 f7202ab73955493297adbfe3ed997c86
1764445332443 0.1606857031583786 12 f7202ab73955493297adbfe3ed997c86
1764445333120 0.1659877598285675 13 f7202ab73955493297adbfe3ed997c86
1764445333676 0.14399084448814392 14 f7202ab73955493297adbfe3ed997c86
1764445334251 0.13339240849018097 15 f7202ab73955493297adbfe3ed997c86
1764445334932 0.13246332108974457 16 f7202ab73955493297adbfe3ed997c86
1764445335487 0.12788113951683044 17 f7202ab73955493297adbfe3ed997c86
1764445335938 0.11384403705596924 18 f7202ab73955493297adbfe3ed997c86
1764445336616 0.11269276589155197 19 f7202ab73955493297adbfe3ed997c86
1764445337301 0.1110369861125946 20 f7202ab73955493297adbfe3ed997c86
1764445338039 0.11539225280284882 21 f7202ab73955493297adbfe3ed997c86
1764445338710 0.11013887822628021 22 f7202ab73955493297adbfe3ed997c86
1764445339166 0.1075456365942955 23 f7202ab73955493297adbfe3ed997c86
1764445339828 0.10628336668014526 24 f7202ab73955493297adbfe3ed997c86
1764445340503 0.1056961938738823 25 f7202ab73955493297adbfe3ed997c86
1764445325087 0.7486367225646973 0 f7202ab73955493297adbfe3ed997c86
