1764444234147 0.6216237545013428 0 04e5148bd9364d7782340e2c4ac90bb3
1764444234597 0.32708001136779785 1 04e5148bd9364d7782340e2c4ac90bb3
1764444235209 0.26564469933509827 2 04e5148bd9364d7782340e2c4ac90bb3
1764444235880 0.2157573103904724 3 04e5148bd9364d7782340e2c4ac90bb3
1764444236254 0.20344214141368866 4 04e5148bd9364d7782340e2c4ac90bb3
1764444236637 0.178994819521904 5 04e5148bd9364d7782340e2c4ac90bb3
1764444237393 0.17394909262657166 6 04e5148bd9364d7782340e2c4ac90bb3
1764444237857 0.15765760838985443 7 04e5148bd9364d7782340e2c4ac90bb3
1764444238263 0.15262240171432495 8 04e5148bd9364d7782340e2c4ac90bb3
1764444238916 0.13391312956809998 9 04e5148bd9364d7782340e2c4ac90bb3
1764444239320 0.14802652597427368 10 04e5148bd9364d7782340e2c4ac90bb3
1764444239684 0.13463430106639862 11 04e5148bd9364d7782340e2c4ac90bb3
1764444240098 0.12596844136714935 12 04e5148bd9364d7782340e2c4ac90bb3
1764444240575 0.1261902153491974 13 04e5148bd9364d7782340e2c4ac90bb3
1764444241195 0.1272401511669159 14 04e5148bd9364d7782340e2c4ac90bb3
1764444241576 0.11450525373220444 15 04e5148bd9364d7782340e2c4ac90bb3
1764443470354 0.9889348149299622 0 04e5148bd9364d7782340e2c4ac90bb3
1764443470354 0.9889348149299622 0 04e5148bd9364d7782340e2c4ac90bb3
1764443649000 0.6580206751823425 0 04e5148bd9364d7782340e2c4ac90bb3
1764443470354 0.9889348149299622 0 04e5148bd9364d7782340e2c4ac90bb3
1764443470354 0.9889348149299622 0 04e5148bd9364d7782340e2c4ac90bb3
1764443649000 0.6580206751823425 0 04e5148bd9364d7782340e2c4ac90bb3
1764443833885 0.6216237545013428 0 04e5148bd9364d7782340e2c4ac90bb3
1764443470354 0.9889348149299622 0 04e5148bd9364d7782340e2c4ac90bb3
1764443470354 0.9889348149299622 0 04e5148bd9364d7782340e2c4ac90bb3
1764443649000 0.6580206751823425 0 04e5148bd9364d7782340e2c4ac90bb3
1764443470354 0.9889348149299622 0 04e5148bd9364d7782340e2c4ac90bb3
1764443470354 0.9889348149299622 0 04e5148bd9364d7782340e2c4ac90bb3
1764443649000 0.6580206751823425 0 04e5148bd9364d7782340e2c4ac90bb3
1764443833885 0.6216237545013428 0 04e5148bd9364d7782340e2c4ac90bb3
1764444234147 0.6216237545013428 0 04e5148bd9364d7782340e2c4ac90bb3
