1764442278452 0.6897115707397461 0
1764442278793 0.3948148190975189 1
1764442279147 0.3117324709892273 2
1764442279973 0.2906220555305481 3
1764442280407 0.23350566625595093 4
1764442280835 0.2147311419248581 5
1764442281244 0.21303853392601013 6
1764442281627 0.17567364871501923 7
1764442282298 0.1770106852054596 8
1764442282679 0.18908219039440155 9
1764442283450 0.15646527707576752 10
1764442283836 0.17461730539798737 11
1764442284300 0.14480115473270416 12
1764442284722 0.16549265384674072 13
1764442285349 0.15942281484603882 14
1764442286100 0.14462187886238098 15
1764442286525 0.1470860093832016 16
1764442286986 0.12228558957576752 17
1764442287387 0.1188812255859375 18
1764442287781 0.1275467872619629 19
1764442278452 0.6897115707397461 0
