1764445325087 0.63204425573349 0
1764445326065 0.43064290285110474 1
1764445326594 0.3944089412689209 2
1764445327276 0.3510393500328064 3
1764445327876 0.348711758852005 4
1764445328595 0.3338342607021332 5
1764445329218 0.3217681646347046 6
1764445329708 0.30490821599960327 7
1764445330347 0.3104715943336487 8
1764445330758 0.30485543608665466 9
1764445331250 0.28073105216026306 10
1764445331693 0.2841436266899109 11
1764445332443 0.28138577938079834 12
1764445333120 0.2856731414794922 13
1764445333676 0.27122753858566284 14
1764445334251 0.2572213113307953 15
1764445334932 0.25445979833602905 16
1764445335487 0.2586679756641388 17
1764445335938 0.24014654755592346 18
1764445336616 0.24402979016304016 19
1764445337301 0.24052046239376068 20
1764445338039 0.24486123025417328 21
1764445338710 0.23785188794136047 22
1764445339166 0.23990194499492645 23
1764445339828 0.23190027475357056 24
1764445340503 0.23500178754329681 25
1764445325087 0.63204425573349 0
