1764445008662 0.6242129802703857 0 cf378ca37f9247a6954c5085878db785
1764445009055 0.4329822361469269 1 cf378ca37f9247a6954c5085878db785
1764445009716 0.4090885818004608 2 cf378ca37f9247a6954c5085878db785
1764445010446 0.3611907362937927 3 cf378ca37f9247a6954c5085878db785
1764445011038 0.3474699854850769 4 cf378ca37f9247a6954c5085878db785
1764445011773 0.33195266127586365 5 cf378ca37f9247a6954c5085878db785
1764445012150 0.31692686676979065 6 cf378ca37f9247a6954c5085878db785
1764445012859 0.3151625692844391 7 cf378ca37f9247a6954c5085878db785
1764445013373 0.3140750527381897 8 cf378ca37f9247a6954c5085878db785
1764445013744 0.32109299302101135 9 cf378ca37f9247a6954c5085878db785
1764445014092 0.2939406931400299 10 cf378ca37f9247a6954c5085878db785
1764445014453 0.2832522690296173 11 cf378ca37f9247a6954c5085878db785
1764445014786 0.272758811712265 12 cf378ca37f9247a6954c5085878db785
1764445015198 0.27779537439346313 13 cf378ca37f9247a6954c5085878db785
1764445015809 0.2758499085903168 14 cf378ca37f9247a6954c5085878db785
1764445016155 0.2895280122756958 15 cf378ca37f9247a6954c5085878db785
1764445016580 0.2671419084072113 16 cf378ca37f9247a6954c5085878db785
1764445017165 0.2657603323459625 17 cf378ca37f9247a6954c5085878db785
1764445017883 0.25627511739730835 18 cf378ca37f9247a6954c5085878db785
1764445018518 0.2565365731716156 19 cf378ca37f9247a6954c5085878db785
1764445008662 0.6242129802703857 0 cf378ca37f9247a6954c5085878db785
