1764457250316 0.8679999709129333 0 f510aa2986a4409a8faca1a4d6eb5089
1764457250796 0.8960000276565552 1 f510aa2986a4409a8faca1a4d6eb5089
1764457251499 0.8960000276565552 2 f510aa2986a4409a8faca1a4d6eb5089
1764457251905 0.8960000276565552 3 f510aa2986a4409a8faca1a4d6eb5089
1764457252296 0.8960000276565552 4 f510aa2986a4409a8faca1a4d6eb5089
1764457252773 0.8960000276565552 5 f510aa2986a4409a8faca1a4d6eb5089
1764457253196 0.8999999761581421 6 f510aa2986a4409a8faca1a4d6eb5089
1764457253594 0.8980000019073486 7 f510aa2986a4409a8faca1a4d6eb5089
1764457254007 0.8999999761581421 8 f510aa2986a4409a8faca1a4d6eb5089
1764457254410 0.906000018119812 9 f510aa2986a4409a8faca1a4d6eb5089
1764457254817 0.9120000004768372 10 f510aa2986a4409a8faca1a4d6eb5089
1764457255290 0.9179999828338623 11 f510aa2986a4409a8faca1a4d6eb5089
1764457255690 0.921999990940094 12 f510aa2986a4409a8faca1a4d6eb5089
1764457256173 0.9300000071525574 13 f510aa2986a4409a8faca1a4d6eb5089
1764457256557 0.9300000071525574 14 f510aa2986a4409a8faca1a4d6eb5089
1764457257246 0.9380000233650208 15 f510aa2986a4409a8faca1a4d6eb5089
1764457257711 0.9380000233650208 16 f510aa2986a4409a8faca1a4d6eb5089
1764457258138 0.9459999799728394 17 f510aa2986a4409a8faca1a4d6eb5089
1764457258607 0.9559999704360962 18 f510aa2986a4409a8faca1a4d6eb5089
1764457259030 0.9559999704360962 19 f510aa2986a4409a8faca1a4d6eb5089
1764452965886 0.8679999709129333 0 f510aa2986a4409a8faca1a4d6eb5089
1764452965886 0.8679999709129333 0 f510aa2986a4409a8faca1a4d6eb5089
1764455993744 0.8679999709129333 0 f510aa2986a4409a8faca1a4d6eb5089
1764452965886 0.8679999709129333 0 f510aa2986a4409a8faca1a4d6eb5089
1764452965886 0.8679999709129333 0 f510aa2986a4409a8faca1a4d6eb5089
1764455993744 0.8679999709129333 0 f510aa2986a4409a8faca1a4d6eb5089
1764456858033 0.8679999709129333 0 f510aa2986a4409a8faca1a4d6eb5089
1764452965886 0.8679999709129333 0 f510aa2986a4409a8faca1a4d6eb5089
1764452965886 0.8679999709129333 0 f510aa2986a4409a8faca1a4d6eb5089
1764455993744 0.8679999709129333 0 f510aa2986a4409a8faca1a4d6eb5089
1764452965886 0.8679999709129333 0 f510aa2986a4409a8faca1a4d6eb5089
1764452965886 0.8679999709129333 0 f510aa2986a4409a8faca1a4d6eb5089
1764455993744 0.8679999709129333 0 f510aa2986a4409a8faca1a4d6eb5089
1764456858033 0.8679999709129333 0 f510aa2986a4409a8faca1a4d6eb5089
1764457250316 0.8679999709129333 0 f510aa2986a4409a8faca1a4d6eb5089
