1764457250316 0.9284288883209229 0 f510aa2986a4409a8faca1a4d6eb5089
1764457250796 0.9446625709533691 1 f510aa2986a4409a8faca1a4d6eb5089
1764457251499 0.9446625709533691 2 f510aa2986a4409a8faca1a4d6eb5089
1764457251905 0.9446625709533691 3 f510aa2986a4409a8faca1a4d6eb5089
1764457252296 0.9446625709533691 4 f510aa2986a4409a8faca1a4d6eb5089
1764457252773 0.9446625709533691 5 f510aa2986a4409a8faca1a4d6eb5089
1764457253196 0.9466277956962585 6 f510aa2986a4409a8faca1a4d6eb5089
1764457253594 0.945534884929657 7 f510aa2986a4409a8faca1a4d6eb5089
1764457254007 0.9466277956962585 8 f510aa2986a4409a8faca1a4d6eb5089
1764457254410 0.9500864744186401 9 f510aa2986a4409a8faca1a4d6eb5089
1764457254817 0.9527900815010071 10 f510aa2986a4409a8faca1a4d6eb5089
1764457255290 0.955578088760376 11 f510aa2986a4409a8faca1a4d6eb5089
1764457255690 0.9584317207336426 12 f510aa2986a4409a8faca1a4d6eb5089
1764457256173 0.9625283479690552 13 f510aa2986a4409a8faca1a4d6eb5089
1764457256557 0.9619230031967163 14 f510aa2986a4409a8faca1a4d6eb5089
1764457257246 0.9664523601531982 15 f510aa2986a4409a8faca1a4d6eb5089
1764457257711 0.9663841724395752 16 f510aa2986a4409a8faca1a4d6eb5089
1764457258138 0.9707173705101013 17 f510aa2986a4409a8faca1a4d6eb5089
1764457258607 0.9760497212409973 18 f510aa2986a4409a8faca1a4d6eb5089
1764457259030 0.9759466052055359 19 f510aa2986a4409a8faca1a4d6eb5089
1764452965886 0.9284288883209229 0 f510aa2986a4409a8faca1a4d6eb5089
1764452965886 0.9284288883209229 0 f510aa2986a4409a8faca1a4d6eb5089
1764455993744 0.9284288883209229 0 f510aa2986a4409a8faca1a4d6eb5089
1764452965886 0.9284288883209229 0 f510aa2986a4409a8faca1a4d6eb5089
1764452965886 0.9284288883209229 0 f510aa2986a4409a8faca1a4d6eb5089
1764455993744 0.9284288883209229 0 f510aa2986a4409a8faca1a4d6eb5089
1764456858033 0.9284288883209229 0 f510aa2986a4409a8faca1a4d6eb5089
1764452965886 0.9284288883209229 0 f510aa2986a4409a8faca1a4d6eb5089
1764452965886 0.9284288883209229 0 f510aa2986a4409a8faca1a4d6eb5089
1764455993744 0.9284288883209229 0 f510aa2986a4409a8faca1a4d6eb5089
1764452965886 0.9284288883209229 0 f510aa2986a4409a8faca1a4d6eb5089
1764452965886 0.9284288883209229 0 f510aa2986a4409a8faca1a4d6eb5089
1764455993744 0.9284288883209229 0 f510aa2986a4409a8faca1a4d6eb5089
1764456858033 0.9284288883209229 0 f510aa2986a4409a8faca1a4d6eb5089
1764457250316 0.9284288883209229 0 f510aa2986a4409a8faca1a4d6eb5089
