1764457250316 0.43424710631370544 0 f510aa2986a4409a8faca1a4d6eb5089
1764457250796 0.3413487672805786 1 f510aa2986a4409a8faca1a4d6eb5089
1764457251499 0.320115864276886 2 f510aa2986a4409a8faca1a4d6eb5089
1764457251905 0.30588310956954956 3 f510aa2986a4409a8faca1a4d6eb5089
1764457252296 0.28246432542800903 4 f510aa2986a4409a8faca1a4d6eb5089
1764457252773 0.25610876083374023 5 f510aa2986a4409a8faca1a4d6eb5089
1764457253196 0.25936904549598694 6 f510aa2986a4409a8faca1a4d6eb5089
1764457253594 0.24590696394443512 7 f510aa2986a4409a8faca1a4d6eb5089
1764457254007 0.23346391320228577 8 f510aa2986a4409a8faca1a4d6eb5089
1764457254410 0.2193542867898941 9 f510aa2986a4409a8faca1a4d6eb5089
1764457254817 0.2064635008573532 10 f510aa2986a4409a8faca1a4d6eb5089
1764457255290 0.19525539875030518 11 f510aa2986a4409a8faca1a4d6eb5089
1764457255690 0.18898464739322662 12 f510aa2986a4409a8faca1a4d6eb5089
1764457256173 0.16678090393543243 13 f510aa2986a4409a8faca1a4d6eb5089
1764457256557 0.16693930327892303 14 f510aa2986a4409a8faca1a4d6eb5089
1764457257246 0.15376028418540955 15 f510aa2986a4409a8faca1a4d6eb5089
1764457257711 0.15054434537887573 16 f510aa2986a4409a8faca1a4d6eb5089
1764457258138 0.14443817734718323 17 f510aa2986a4409a8faca1a4d6eb5089
1764457258607 0.14280898869037628 18 f510aa2986a4409a8faca1a4d6eb5089
1764457259030 0.1235126182436943 19 f510aa2986a4409a8faca1a4d6eb5089
1764452965886 0.43424710631370544 0 f510aa2986a4409a8faca1a4d6eb5089
1764452965886 0.43424710631370544 0 f510aa2986a4409a8faca1a4d6eb5089
1764455993744 0.43424710631370544 0 f510aa2986a4409a8faca1a4d6eb5089
1764452965886 0.43424710631370544 0 f510aa2986a4409a8faca1a4d6eb5089
1764452965886 0.43424710631370544 0 f510aa2986a4409a8faca1a4d6eb5089
1764455993744 0.43424710631370544 0 f510aa2986a4409a8faca1a4d6eb5089
1764456858033 0.43424710631370544 0 f510aa2986a4409a8faca1a4d6eb5089
1764452965886 0.43424710631370544 0 f510aa2986a4409a8faca1a4d6eb5089
1764452965886 0.43424710631370544 0 f510aa2986a4409a8faca1a4d6eb5089
1764455993744 0.43424710631370544 0 f510aa2986a4409a8faca1a4d6eb5089
1764452965886 0.43424710631370544 0 f510aa2986a4409a8faca1a4d6eb5089
1764452965886 0.43424710631370544 0 f510aa2986a4409a8faca1a4d6eb5089
1764455993744 0.43424710631370544 0 f510aa2986a4409a8faca1a4d6eb5089
1764456858033 0.43424710631370544 0 f510aa2986a4409a8faca1a4d6eb5089
1764457250316 0.43424710631370544 0 f510aa2986a4409a8faca1a4d6eb5089
