1764457250316 0.8930041193962097 0 f510aa2986a4409a8faca1a4d6eb5089
1764457250796 0.8960000276565552 1 f510aa2986a4409a8faca1a4d6eb5089
1764457251499 0.8960000276565552 2 f510aa2986a4409a8faca1a4d6eb5089
1764457251905 0.8960000276565552 3 f510aa2986a4409a8faca1a4d6eb5089
1764457252296 0.8960000276565552 4 f510aa2986a4409a8faca1a4d6eb5089
1764457252773 0.8960000276565552 5 f510aa2986a4409a8faca1a4d6eb5089
1764457253196 0.8995984196662903 6 f510aa2986a4409a8faca1a4d6eb5089
1764457253594 0.8993963599205017 7 f510aa2986a4409a8faca1a4d6eb5089
1764457254007 0.8995984196662903 8 f510aa2986a4409a8faca1a4d6eb5089
1764457254410 0.9100204706192017 9 f510aa2986a4409a8faca1a4d6eb5089
1764457254817 0.9122449159622192 10 f510aa2986a4409a8faca1a4d6eb5089
1764457255290 0.9195876121520996 11 f510aa2986a4409a8faca1a4d6eb5089
1764457255690 0.9251559376716614 12 f510aa2986a4409a8faca1a4d6eb5089
1764457256173 0.931106448173523 13 f510aa2986a4409a8faca1a4d6eb5089
1764457256557 0.9329140186309814 14 f510aa2986a4409a8faca1a4d6eb5089
1764457257246 0.9408034086227417 15 f510aa2986a4409a8faca1a4d6eb5089
1764457257711 0.9408034086227417 16 f510aa2986a4409a8faca1a4d6eb5089
1764457258138 0.9469214677810669 17 f510aa2986a4409a8faca1a4d6eb5089
1764457258607 0.9630434513092041 18 f510aa2986a4409a8faca1a4d6eb5089
1764457259030 0.9551281929016113 19 f510aa2986a4409a8faca1a4d6eb5089
1764452965886 0.8930041193962097 0 f510aa2986a4409a8faca1a4d6eb5089
1764452965886 0.8930041193962097 0 f510aa2986a4409a8faca1a4d6eb5089
1764455993744 0.8930041193962097 0 f510aa2986a4409a8faca1a4d6eb5089
1764452965886 0.8930041193962097 0 f510aa2986a4409a8faca1a4d6eb5089
1764452965886 0.8930041193962097 0 f510aa2986a4409a8faca1a4d6eb5089
1764455993744 0.8930041193962097 0 f510aa2986a4409a8faca1a4d6eb5089
1764456858033 0.8930041193962097 0 f510aa2986a4409a8faca1a4d6eb5089
1764452965886 0.8930041193962097 0 f510aa2986a4409a8faca1a4d6eb5089
1764452965886 0.8930041193962097 0 f510aa2986a4409a8faca1a4d6eb5089
1764455993744 0.8930041193962097 0 f510aa2986a4409a8faca1a4d6eb5089
1764452965886 0.8930041193962097 0 f510aa2986a4409a8faca1a4d6eb5089
1764452965886 0.8930041193962097 0 f510aa2986a4409a8faca1a4d6eb5089
1764455993744 0.8930041193962097 0 f510aa2986a4409a8faca1a4d6eb5089
1764456858033 0.8930041193962097 0 f510aa2986a4409a8faca1a4d6eb5089
1764457250316 0.8930041193962097 0 f510aa2986a4409a8faca1a4d6eb5089
