1764457250316 0.96875 0 f510aa2986a4409a8faca1a4d6eb5089
1764457250796 1.0 1 f510aa2986a4409a8faca1a4d6eb5089
1764457251499 1.0 2 f510aa2986a4409a8faca1a4d6eb5089
1764457251905 1.0 3 f510aa2986a4409a8faca1a4d6eb5089
1764457252296 1.0 4 f510aa2986a4409a8faca1a4d6eb5089
1764457252773 1.0 5 f510aa2986a4409a8faca1a4d6eb5089
1764457253196 1.0 6 f510aa2986a4409a8faca1a4d6eb5089
1764457253594 0.9977678656578064 7 f510aa2986a4409a8faca1a4d6eb5089
1764457254007 1.0 8 f510aa2986a4409a8faca1a4d6eb5089
1764457254410 0.9933035969734192 9 f510aa2986a4409a8faca1a4d6eb5089
1764457254817 0.9977678656578064 10 f510aa2986a4409a8faca1a4d6eb5089
1764457255290 0.9955357313156128 11 f510aa2986a4409a8faca1a4d6eb5089
1764457255690 0.9933035969734192 12 f510aa2986a4409a8faca1a4d6eb5089
1764457256173 0.9955357313156128 13 f510aa2986a4409a8faca1a4d6eb5089
1764457256557 0.9933035969734192 14 f510aa2986a4409a8faca1a4d6eb5089
1764457257246 0.9933035969734192 15 f510aa2986a4409a8faca1a4d6eb5089
1764457257711 0.9933035969734192 16 f510aa2986a4409a8faca1a4d6eb5089
1764457258138 0.9955357313156128 17 f510aa2986a4409a8faca1a4d6eb5089
1764457258607 0.9888392686843872 18 f510aa2986a4409a8faca1a4d6eb5089
1764457259030 0.9977678656578064 19 f510aa2986a4409a8faca1a4d6eb5089
1764452965886 0.96875 0 f510aa2986a4409a8faca1a4d6eb5089
1764452965886 0.96875 0 f510aa2986a4409a8faca1a4d6eb5089
1764455993744 0.96875 0 f510aa2986a4409a8faca1a4d6eb5089
1764452965886 0.96875 0 f510aa2986a4409a8faca1a4d6eb5089
1764452965886 0.96875 0 f510aa2986a4409a8faca1a4d6eb5089
1764455993744 0.96875 0 f510aa2986a4409a8faca1a4d6eb5089
1764456858033 0.96875 0 f510aa2986a4409a8faca1a4d6eb5089
1764452965886 0.96875 0 f510aa2986a4409a8faca1a4d6eb5089
1764452965886 0.96875 0 f510aa2986a4409a8faca1a4d6eb5089
1764455993744 0.96875 0 f510aa2986a4409a8faca1a4d6eb5089
1764452965886 0.96875 0 f510aa2986a4409a8faca1a4d6eb5089
1764452965886 0.96875 0 f510aa2986a4409a8faca1a4d6eb5089
1764455993744 0.96875 0 f510aa2986a4409a8faca1a4d6eb5089
1764456858033 0.96875 0 f510aa2986a4409a8faca1a4d6eb5089
1764457250316 0.96875 0 f510aa2986a4409a8faca1a4d6eb5089
