1764447074704 0.8679999709129333 0 6e4703ca7b8d4e6f8e59bdbd1456492f
1764447075081 0.8960000276565552 1 6e4703ca7b8d4e6f8e59bdbd1456492f
1764447075410 0.8960000276565552 2 6e4703ca7b8d4e6f8e59bdbd1456492f
1764447075754 0.8960000276565552 3 6e4703ca7b8d4e6f8e59bdbd1456492f
1764447076527 0.8960000276565552 4 6e4703ca7b8d4e6f8e59bdbd1456492f
1764447076912 0.8960000276565552 5 6e4703ca7b8d4e6f8e59bdbd1456492f
1764447077662 0.8999999761581421 6 6e4703ca7b8d4e6f8e59bdbd1456492f
1764447078087 0.8980000019073486 7 6e4703ca7b8d4e6f8e59bdbd1456492f
1764447078515 0.8999999761581421 8 6e4703ca7b8d4e6f8e59bdbd1456492f
1764447079037 0.906000018119812 9 6e4703ca7b8d4e6f8e59bdbd1456492f
1764447079516 0.9120000004768372 10 6e4703ca7b8d4e6f8e59bdbd1456492f
1764447079872 0.9179999828338623 11 6e4703ca7b8d4e6f8e59bdbd1456492f
1764447080270 0.921999990940094 12 6e4703ca7b8d4e6f8e59bdbd1456492f
1764447080692 0.9300000071525574 13 6e4703ca7b8d4e6f8e59bdbd1456492f
1764447081439 0.9300000071525574 14 6e4703ca7b8d4e6f8e59bdbd1456492f
1764447082109 0.9380000233650208 15 6e4703ca7b8d4e6f8e59bdbd1456492f
1764447082709 0.9380000233650208 16 6e4703ca7b8d4e6f8e59bdbd1456492f
1764447083341 0.9459999799728394 17 6e4703ca7b8d4e6f8e59bdbd1456492f
1764447083732 0.9559999704360962 18 6e4703ca7b8d4e6f8e59bdbd1456492f
1764447084156 0.9559999704360962 19 6e4703ca7b8d4e6f8e59bdbd1456492f
1764446555992 0.8679999709129333 0 6e4703ca7b8d4e6f8e59bdbd1456492f
1764446555992 0.8679999709129333 0 6e4703ca7b8d4e6f8e59bdbd1456492f
1764447074704 0.8679999709129333 0 6e4703ca7b8d4e6f8e59bdbd1456492f
