1764447074704 0.9284288883209229 0 6e4703ca7b8d4e6f8e59bdbd1456492f
1764447075081 0.9446625709533691 1 6e4703ca7b8d4e6f8e59bdbd1456492f
1764447075410 0.9446625709533691 2 6e4703ca7b8d4e6f8e59bdbd1456492f
1764447075754 0.9446625709533691 3 6e4703ca7b8d4e6f8e59bdbd1456492f
1764447076527 0.9446625709533691 4 6e4703ca7b8d4e6f8e59bdbd1456492f
1764447076912 0.9446625709533691 5 6e4703ca7b8d4e6f8e59bdbd1456492f
1764447077662 0.9466277956962585 6 6e4703ca7b8d4e6f8e59bdbd1456492f
1764447078087 0.945534884929657 7 6e4703ca7b8d4e6f8e59bdbd1456492f
1764447078515 0.9466277956962585 8 6e4703ca7b8d4e6f8e59bdbd1456492f
1764447079037 0.9500864744186401 9 6e4703ca7b8d4e6f8e59bdbd1456492f
1764447079516 0.9527900815010071 10 6e4703ca7b8d4e6f8e59bdbd1456492f
1764447079872 0.955578088760376 11 6e4703ca7b8d4e6f8e59bdbd1456492f
1764447080270 0.9584317207336426 12 6e4703ca7b8d4e6f8e59bdbd1456492f
1764447080692 0.9625283479690552 13 6e4703ca7b8d4e6f8e59bdbd1456492f
1764447081439 0.9619230031967163 14 6e4703ca7b8d4e6f8e59bdbd1456492f
1764447082109 0.9664523601531982 15 6e4703ca7b8d4e6f8e59bdbd1456492f
1764447082709 0.9663841724395752 16 6e4703ca7b8d4e6f8e59bdbd1456492f
1764447083341 0.9707173705101013 17 6e4703ca7b8d4e6f8e59bdbd1456492f
1764447083732 0.9760497212409973 18 6e4703ca7b8d4e6f8e59bdbd1456492f
1764447084156 0.9759466052055359 19 6e4703ca7b8d4e6f8e59bdbd1456492f
1764446555992 0.9284288883209229 0 6e4703ca7b8d4e6f8e59bdbd1456492f
1764446555992 0.9284288883209229 0 6e4703ca7b8d4e6f8e59bdbd1456492f
1764447074704 0.9284288883209229 0 6e4703ca7b8d4e6f8e59bdbd1456492f
