1764447074704 0.43424710631370544 0 6e4703ca7b8d4e6f8e59bdbd1456492f
1764447075081 0.3413487672805786 1 6e4703ca7b8d4e6f8e59bdbd1456492f
1764447075410 0.320115864276886 2 6e4703ca7b8d4e6f8e59bdbd1456492f
1764447075754 0.30588310956954956 3 6e4703ca7b8d4e6f8e59bdbd1456492f
1764447076527 0.28246432542800903 4 6e4703ca7b8d4e6f8e59bdbd1456492f
1764447076912 0.25610876083374023 5 6e4703ca7b8d4e6f8e59bdbd1456492f
1764447077662 0.25936904549598694 6 6e4703ca7b8d4e6f8e59bdbd1456492f
1764447078087 0.24590696394443512 7 6e4703ca7b8d4e6f8e59bdbd1456492f
1764447078515 0.23346391320228577 8 6e4703ca7b8d4e6f8e59bdbd1456492f
1764447079037 0.2193542867898941 9 6e4703ca7b8d4e6f8e59bdbd1456492f
1764447079516 0.2064635008573532 10 6e4703ca7b8d4e6f8e59bdbd1456492f
1764447079872 0.19525539875030518 11 6e4703ca7b8d4e6f8e59bdbd1456492f
1764447080270 0.18898464739322662 12 6e4703ca7b8d4e6f8e59bdbd1456492f
1764447080692 0.16678090393543243 13 6e4703ca7b8d4e6f8e59bdbd1456492f
1764447081439 0.16693930327892303 14 6e4703ca7b8d4e6f8e59bdbd1456492f
1764447082109 0.15376028418540955 15 6e4703ca7b8d4e6f8e59bdbd1456492f
1764447082709 0.15054434537887573 16 6e4703ca7b8d4e6f8e59bdbd1456492f
1764447083341 0.14443817734718323 17 6e4703ca7b8d4e6f8e59bdbd1456492f
1764447083732 0.14280898869037628 18 6e4703ca7b8d4e6f8e59bdbd1456492f
1764447084156 0.1235126182436943 19 6e4703ca7b8d4e6f8e59bdbd1456492f
1764446555992 0.43424710631370544 0 6e4703ca7b8d4e6f8e59bdbd1456492f
1764446555992 0.43424710631370544 0 6e4703ca7b8d4e6f8e59bdbd1456492f
1764447074704 0.43424710631370544 0 6e4703ca7b8d4e6f8e59bdbd1456492f
