1764447074704 0.8930041193962097 0 6e4703ca7b8d4e6f8e59bdbd1456492f
1764447075081 0.8960000276565552 1 6e4703ca7b8d4e6f8e59bdbd1456492f
1764447075410 0.8960000276565552 2 6e4703ca7b8d4e6f8e59bdbd1456492f
1764447075754 0.8960000276565552 3 6e4703ca7b8d4e6f8e59bdbd1456492f
1764447076527 0.8960000276565552 4 6e4703ca7b8d4e6f8e59bdbd1456492f
1764447076912 0.8960000276565552 5 6e4703ca7b8d4e6f8e59bdbd1456492f
1764447077662 0.8995984196662903 6 6e4703ca7b8d4e6f8e59bdbd1456492f
1764447078087 0.8993963599205017 7 6e4703ca7b8d4e6f8e59bdbd1456492f
1764447078515 0.8995984196662903 8 6e4703ca7b8d4e6f8e59bdbd1456492f
1764447079037 0.9100204706192017 9 6e4703ca7b8d4e6f8e59bdbd1456492f
1764447079516 0.9122449159622192 10 6e4703ca7b8d4e6f8e59bdbd1456492f
1764447079872 0.9195876121520996 11 6e4703ca7b8d4e6f8e59bdbd1456492f
1764447080270 0.9251559376716614 12 6e4703ca7b8d4e6f8e59bdbd1456492f
1764447080692 0.931106448173523 13 6e4703ca7b8d4e6f8e59bdbd1456492f
1764447081439 0.9329140186309814 14 6e4703ca7b8d4e6f8e59bdbd1456492f
1764447082109 0.9408034086227417 15 6e4703ca7b8d4e6f8e59bdbd1456492f
1764447082709 0.9408034086227417 16 6e4703ca7b8d4e6f8e59bdbd1456492f
1764447083341 0.9469214677810669 17 6e4703ca7b8d4e6f8e59bdbd1456492f
1764447083732 0.9630434513092041 18 6e4703ca7b8d4e6f8e59bdbd1456492f
1764447084156 0.9551281929016113 19 6e4703ca7b8d4e6f8e59bdbd1456492f
1764446555992 0.8930041193962097 0 6e4703ca7b8d4e6f8e59bdbd1456492f
1764446555992 0.8930041193962097 0 6e4703ca7b8d4e6f8e59bdbd1456492f
1764447074704 0.8930041193962097 0 6e4703ca7b8d4e6f8e59bdbd1456492f
