1764447074704 0.96875 0 6e4703ca7b8d4e6f8e59bdbd1456492f
1764447075081 1.0 1 6e4703ca7b8d4e6f8e59bdbd1456492f
1764447075410 1.0 2 6e4703ca7b8d4e6f8e59bdbd1456492f
1764447075754 1.0 3 6e4703ca7b8d4e6f8e59bdbd1456492f
1764447076527 1.0 4 6e4703ca7b8d4e6f8e59bdbd1456492f
1764447076912 1.0 5 6e4703ca7b8d4e6f8e59bdbd1456492f
1764447077662 1.0 6 6e4703ca7b8d4e6f8e59bdbd1456492f
1764447078087 0.9977678656578064 7 6e4703ca7b8d4e6f8e59bdbd1456492f
1764447078515 1.0 8 6e4703ca7b8d4e6f8e59bdbd1456492f
1764447079037 0.9933035969734192 9 6e4703ca7b8d4e6f8e59bdbd1456492f
1764447079516 0.9977678656578064 10 6e4703ca7b8d4e6f8e59bdbd1456492f
1764447079872 0.9955357313156128 11 6e4703ca7b8d4e6f8e59bdbd1456492f
1764447080270 0.9933035969734192 12 6e4703ca7b8d4e6f8e59bdbd1456492f
1764447080692 0.9955357313156128 13 6e4703ca7b8d4e6f8e59bdbd1456492f
1764447081439 0.9933035969734192 14 6e4703ca7b8d4e6f8e59bdbd1456492f
1764447082109 0.9933035969734192 15 6e4703ca7b8d4e6f8e59bdbd1456492f
1764447082709 0.9933035969734192 16 6e4703ca7b8d4e6f8e59bdbd1456492f
1764447083341 0.9955357313156128 17 6e4703ca7b8d4e6f8e59bdbd1456492f
1764447083732 0.9888392686843872 18 6e4703ca7b8d4e6f8e59bdbd1456492f
1764447084156 0.9977678656578064 19 6e4703ca7b8d4e6f8e59bdbd1456492f
1764446555992 0.96875 0 6e4703ca7b8d4e6f8e59bdbd1456492f
1764446555992 0.96875 0 6e4703ca7b8d4e6f8e59bdbd1456492f
1764447074704 0.96875 0 6e4703ca7b8d4e6f8e59bdbd1456492f
