1764456858033 0.8679999709129333 0 f510aa2986a4409a8faca1a4d6eb5089
1764456859430 0.8960000276565552 1 f510aa2986a4409a8faca1a4d6eb5089
1764456860008 0.8960000276565552 2 f510aa2986a4409a8faca1a4d6eb5089
1764456860420 0.8960000276565552 3 f510aa2986a4409a8faca1a4d6eb5089
1764456860812 0.8960000276565552 4 f510aa2986a4409a8faca1a4d6eb5089
1764456861281 0.8960000276565552 5 f510aa2986a4409a8faca1a4d6eb5089
1764456861768 0.8999999761581421 6 f510aa2986a4409a8faca1a4d6eb5089
1764456862161 0.8980000019073486 7 f510aa2986a4409a8faca1a4d6eb5089
1764456862834 0.8999999761581421 8 f510aa2986a4409a8faca1a4d6eb5089
1764456863501 0.906000018119812 9 f510aa2986a4409a8faca1a4d6eb5089
1764456863912 0.9120000004768372 10 f510aa2986a4409a8faca1a4d6eb5089
1764456864400 0.9179999828338623 11 f510aa2986a4409a8faca1a4d6eb5089
1764456864987 0.921999990940094 12 f510aa2986a4409a8faca1a4d6eb5089
1764456865699 0.9300000071525574 13 f510aa2986a4409a8faca1a4d6eb5089
1764456866300 0.9300000071525574 14 f510aa2986a4409a8faca1a4d6eb5089
1764456866776 0.9380000233650208 15 f510aa2986a4409a8faca1a4d6eb5089
1764456867473 0.9380000233650208 16 f510aa2986a4409a8faca1a4d6eb5089
1764456867881 0.9459999799728394 17 f510aa2986a4409a8faca1a4d6eb5089
1764456868646 0.9559999704360962 18 f510aa2986a4409a8faca1a4d6eb5089
1764456869075 0.9559999704360962 19 f510aa2986a4409a8faca1a4d6eb5089
1764452965886 0.8679999709129333 0 f510aa2986a4409a8faca1a4d6eb5089
1764452965886 0.8679999709129333 0 f510aa2986a4409a8faca1a4d6eb5089
1764455993744 0.8679999709129333 0 f510aa2986a4409a8faca1a4d6eb5089
1764452965886 0.8679999709129333 0 f510aa2986a4409a8faca1a4d6eb5089
1764452965886 0.8679999709129333 0 f510aa2986a4409a8faca1a4d6eb5089
1764455993744 0.8679999709129333 0 f510aa2986a4409a8faca1a4d6eb5089
1764456858033 0.8679999709129333 0 f510aa2986a4409a8faca1a4d6eb5089
