1764456858033 0.4675695598125458 0 f510aa2986a4409a8faca1a4d6eb5089
1764456859430 0.5829327702522278 1 f510aa2986a4409a8faca1a4d6eb5089
1764456860008 0.6662302017211914 2 f510aa2986a4409a8faca1a4d6eb5089
1764456860420 0.7264552116394043 3 f510aa2986a4409a8faca1a4d6eb5089
1764456860812 0.8086795806884766 4 f510aa2986a4409a8faca1a4d6eb5089
1764456861281 0.8731327056884766 5 f510aa2986a4409a8faca1a4d6eb5089
1764456861768 0.8522921800613403 6 f510aa2986a4409a8faca1a4d6eb5089
1764456862161 0.8739054203033447 7 f510aa2986a4409a8faca1a4d6eb5089
1764456862834 0.889723539352417 8 f510aa2986a4409a8faca1a4d6eb5089
1764456863501 0.9072802066802979 9 f510aa2986a4409a8faca1a4d6eb5089
1764456863912 0.9249656200408936 10 f510aa2986a4409a8faca1a4d6eb5089
1764456864400 0.9304602146148682 11 f510aa2986a4409a8faca1a4d6eb5089
1764456864987 0.935546875 12 f510aa2986a4409a8faca1a4d6eb5089
1764456865699 0.9585766792297363 13 f510aa2986a4409a8faca1a4d6eb5089
1764456866300 0.9480597376823425 14 f510aa2986a4409a8faca1a4d6eb5089
1764456866776 0.9639852046966553 15 f510aa2986a4409a8faca1a4d6eb5089
1764456867473 0.9679129719734192 16 f510aa2986a4409a8faca1a4d6eb5089
1764456867881 0.964135468006134 17 f510aa2986a4409a8faca1a4d6eb5089
1764456868646 0.9617531299591064 18 f510aa2986a4409a8faca1a4d6eb5089
1764456869075 0.9771205186843872 19 f510aa2986a4409a8faca1a4d6eb5089
1764452965886 0.4675695598125458 0 f510aa2986a4409a8faca1a4d6eb5089
1764452965886 0.4675695598125458 0 f510aa2986a4409a8faca1a4d6eb5089
1764455993744 0.4675695598125458 0 f510aa2986a4409a8faca1a4d6eb5089
1764452965886 0.4675695598125458 0 f510aa2986a4409a8faca1a4d6eb5089
1764452965886 0.4675695598125458 0 f510aa2986a4409a8faca1a4d6eb5089
1764455993744 0.4675695598125458 0 f510aa2986a4409a8faca1a4d6eb5089
1764456858033 0.4675695598125458 0 f510aa2986a4409a8faca1a4d6eb5089
