1764456858033 0.9284288883209229 0 f510aa2986a4409a8faca1a4d6eb5089
1764456859430 0.9446625709533691 1 f510aa2986a4409a8faca1a4d6eb5089
1764456860008 0.9446625709533691 2 f510aa2986a4409a8faca1a4d6eb5089
1764456860420 0.9446625709533691 3 f510aa2986a4409a8faca1a4d6eb5089
1764456860812 0.9446625709533691 4 f510aa2986a4409a8faca1a4d6eb5089
1764456861281 0.9446625709533691 5 f510aa2986a4409a8faca1a4d6eb5089
1764456861768 0.9466277956962585 6 f510aa2986a4409a8faca1a4d6eb5089
1764456862161 0.945534884929657 7 f510aa2986a4409a8faca1a4d6eb5089
1764456862834 0.9466277956962585 8 f510aa2986a4409a8faca1a4d6eb5089
1764456863501 0.9500864744186401 9 f510aa2986a4409a8faca1a4d6eb5089
1764456863912 0.9527900815010071 10 f510aa2986a4409a8faca1a4d6eb5089
1764456864400 0.955578088760376 11 f510aa2986a4409a8faca1a4d6eb5089
1764456864987 0.9584317207336426 12 f510aa2986a4409a8faca1a4d6eb5089
1764456865699 0.9625283479690552 13 f510aa2986a4409a8faca1a4d6eb5089
1764456866300 0.9619230031967163 14 f510aa2986a4409a8faca1a4d6eb5089
1764456866776 0.9664523601531982 15 f510aa2986a4409a8faca1a4d6eb5089
1764456867473 0.9663841724395752 16 f510aa2986a4409a8faca1a4d6eb5089
1764456867881 0.9707173705101013 17 f510aa2986a4409a8faca1a4d6eb5089
1764456868646 0.9760497212409973 18 f510aa2986a4409a8faca1a4d6eb5089
1764456869075 0.9759466052055359 19 f510aa2986a4409a8faca1a4d6eb5089
1764452965886 0.9284288883209229 0 f510aa2986a4409a8faca1a4d6eb5089
1764452965886 0.9284288883209229 0 f510aa2986a4409a8faca1a4d6eb5089
1764455993744 0.9284288883209229 0 f510aa2986a4409a8faca1a4d6eb5089
1764452965886 0.9284288883209229 0 f510aa2986a4409a8faca1a4d6eb5089
1764452965886 0.9284288883209229 0 f510aa2986a4409a8faca1a4d6eb5089
1764455993744 0.9284288883209229 0 f510aa2986a4409a8faca1a4d6eb5089
1764456858033 0.9284288883209229 0 f510aa2986a4409a8faca1a4d6eb5089
