1764456858033 0.43424710631370544 0 f510aa2986a4409a8faca1a4d6eb5089
1764456859430 0.3413487672805786 1 f510aa2986a4409a8faca1a4d6eb5089
1764456860008 0.320115864276886 2 f510aa2986a4409a8faca1a4d6eb5089
1764456860420 0.30588310956954956 3 f510aa2986a4409a8faca1a4d6eb5089
1764456860812 0.28246432542800903 4 f510aa2986a4409a8faca1a4d6eb5089
1764456861281 0.25610876083374023 5 f510aa2986a4409a8faca1a4d6eb5089
1764456861768 0.25936904549598694 6 f510aa2986a4409a8faca1a4d6eb5089
1764456862161 0.24590696394443512 7 f510aa2986a4409a8faca1a4d6eb5089
1764456862834 0.23346391320228577 8 f510aa2986a4409a8faca1a4d6eb5089
1764456863501 0.2193542867898941 9 f510aa2986a4409a8faca1a4d6eb5089
1764456863912 0.2064635008573532 10 f510aa2986a4409a8faca1a4d6eb5089
1764456864400 0.19525539875030518 11 f510aa2986a4409a8faca1a4d6eb5089
1764456864987 0.18898464739322662 12 f510aa2986a4409a8faca1a4d6eb5089
1764456865699 0.16678090393543243 13 f510aa2986a4409a8faca1a4d6eb5089
1764456866300 0.16693930327892303 14 f510aa2986a4409a8faca1a4d6eb5089
1764456866776 0.15376028418540955 15 f510aa2986a4409a8faca1a4d6eb5089
1764456867473 0.15054434537887573 16 f510aa2986a4409a8faca1a4d6eb5089
1764456867881 0.14443817734718323 17 f510aa2986a4409a8faca1a4d6eb5089
1764456868646 0.14280898869037628 18 f510aa2986a4409a8faca1a4d6eb5089
1764456869075 0.1235126182436943 19 f510aa2986a4409a8faca1a4d6eb5089
1764452965886 0.43424710631370544 0 f510aa2986a4409a8faca1a4d6eb5089
1764452965886 0.43424710631370544 0 f510aa2986a4409a8faca1a4d6eb5089
1764455993744 0.43424710631370544 0 f510aa2986a4409a8faca1a4d6eb5089
1764452965886 0.43424710631370544 0 f510aa2986a4409a8faca1a4d6eb5089
1764452965886 0.43424710631370544 0 f510aa2986a4409a8faca1a4d6eb5089
1764455993744 0.43424710631370544 0 f510aa2986a4409a8faca1a4d6eb5089
1764456858033 0.43424710631370544 0 f510aa2986a4409a8faca1a4d6eb5089
