1764456858033 0.8930041193962097 0 f510aa2986a4409a8faca1a4d6eb5089
1764456859430 0.8960000276565552 1 f510aa2986a4409a8faca1a4d6eb5089
1764456860008 0.8960000276565552 2 f510aa2986a4409a8faca1a4d6eb5089
1764456860420 0.8960000276565552 3 f510aa2986a4409a8faca1a4d6eb5089
1764456860812 0.8960000276565552 4 f510aa2986a4409a8faca1a4d6eb5089
1764456861281 0.8960000276565552 5 f510aa2986a4409a8faca1a4d6eb5089
1764456861768 0.8995984196662903 6 f510aa2986a4409a8faca1a4d6eb5089
1764456862161 0.8993963599205017 7 f510aa2986a4409a8faca1a4d6eb5089
1764456862834 0.8995984196662903 8 f510aa2986a4409a8faca1a4d6eb5089
1764456863501 0.9100204706192017 9 f510aa2986a4409a8faca1a4d6eb5089
1764456863912 0.9122449159622192 10 f510aa2986a4409a8faca1a4d6eb5089
1764456864400 0.9195876121520996 11 f510aa2986a4409a8faca1a4d6eb5089
1764456864987 0.9251559376716614 12 f510aa2986a4409a8faca1a4d6eb5089
1764456865699 0.931106448173523 13 f510aa2986a4409a8faca1a4d6eb5089
1764456866300 0.9329140186309814 14 f510aa2986a4409a8faca1a4d6eb5089
1764456866776 0.9408034086227417 15 f510aa2986a4409a8faca1a4d6eb5089
1764456867473 0.9408034086227417 16 f510aa2986a4409a8faca1a4d6eb5089
1764456867881 0.9469214677810669 17 f510aa2986a4409a8faca1a4d6eb5089
1764456868646 0.9630434513092041 18 f510aa2986a4409a8faca1a4d6eb5089
1764456869075 0.9551281929016113 19 f510aa2986a4409a8faca1a4d6eb5089
1764452965886 0.8930041193962097 0 f510aa2986a4409a8faca1a4d6eb5089
1764452965886 0.8930041193962097 0 f510aa2986a4409a8faca1a4d6eb5089
1764455993744 0.8930041193962097 0 f510aa2986a4409a8faca1a4d6eb5089
1764452965886 0.8930041193962097 0 f510aa2986a4409a8faca1a4d6eb5089
1764452965886 0.8930041193962097 0 f510aa2986a4409a8faca1a4d6eb5089
1764455993744 0.8930041193962097 0 f510aa2986a4409a8faca1a4d6eb5089
1764456858033 0.8930041193962097 0 f510aa2986a4409a8faca1a4d6eb5089
