1764456858033 0.96875 0 f510aa2986a4409a8faca1a4d6eb5089
1764456859430 1.0 1 f510aa2986a4409a8faca1a4d6eb5089
1764456860008 1.0 2 f510aa2986a4409a8faca1a4d6eb5089
1764456860420 1.0 3 f510aa2986a4409a8faca1a4d6eb5089
1764456860812 1.0 4 f510aa2986a4409a8faca1a4d6eb5089
1764456861281 1.0 5 f510aa2986a4409a8faca1a4d6eb5089
1764456861768 1.0 6 f510aa2986a4409a8faca1a4d6eb5089
1764456862161 0.9977678656578064 7 f510aa2986a4409a8faca1a4d6eb5089
1764456862834 1.0 8 f510aa2986a4409a8faca1a4d6eb5089
1764456863501 0.9933035969734192 9 f510aa2986a4409a8faca1a4d6eb5089
1764456863912 0.9977678656578064 10 f510aa2986a4409a8faca1a4d6eb5089
1764456864400 0.9955357313156128 11 f510aa2986a4409a8faca1a4d6eb5089
1764456864987 0.9933035969734192 12 f510aa2986a4409a8faca1a4d6eb5089
1764456865699 0.9955357313156128 13 f510aa2986a4409a8faca1a4d6eb5089
1764456866300 0.9933035969734192 14 f510aa2986a4409a8faca1a4d6eb5089
1764456866776 0.9933035969734192 15 f510aa2986a4409a8faca1a4d6eb5089
1764456867473 0.9933035969734192 16 f510aa2986a4409a8faca1a4d6eb5089
1764456867881 0.9955357313156128 17 f510aa2986a4409a8faca1a4d6eb5089
1764456868646 0.9888392686843872 18 f510aa2986a4409a8faca1a4d6eb5089
1764456869075 0.9977678656578064 19 f510aa2986a4409a8faca1a4d6eb5089
1764452965886 0.96875 0 f510aa2986a4409a8faca1a4d6eb5089
1764452965886 0.96875 0 f510aa2986a4409a8faca1a4d6eb5089
1764455993744 0.96875 0 f510aa2986a4409a8faca1a4d6eb5089
1764452965886 0.96875 0 f510aa2986a4409a8faca1a4d6eb5089
1764452965886 0.96875 0 f510aa2986a4409a8faca1a4d6eb5089
1764455993744 0.96875 0 f510aa2986a4409a8faca1a4d6eb5089
1764456858033 0.96875 0 f510aa2986a4409a8faca1a4d6eb5089
