1764452965886 0.8930041193962097 0
1764452966291 0.8960000276565552 1
1764452966786 0.8960000276565552 2
1764452967180 0.8960000276565552 3
1764452967658 0.8960000276565552 4
1764452968410 0.8960000276565552 5
1764452968833 0.8995984196662903 6
1764452969232 0.8993963599205017 7
1764452969624 0.8995984196662903 8
1764452970028 0.9100204706192017 9
1764452970487 0.9122449159622192 10
1764452971003 0.9195876121520996 11
1764452971427 0.9251559376716614 12
1764452971900 0.931106448173523 13
1764452972206 0.9329140186309814 14
1764452972390 0.9408034086227417 15
1764452972563 0.9408034086227417 16
1764452972920 0.9469214677810669 17
1764452973322 0.9630434513092041 18
1764452973700 0.9551281929016113 19
1764452965886 0.8930041193962097 0
1764455993744 0.8930041193962097 0
1764455994229 0.8960000276565552 1
1764455994652 0.8960000276565552 2
1764455995074 0.8960000276565552 3
1764455995558 0.8960000276565552 4
1764455996139 0.8960000276565552 5
1764455996554 0.8995984196662903 6
1764455996960 0.8993963599205017 7
1764455997351 0.8995984196662903 8
1764455997761 0.9100204706192017 9
1764455998161 0.9122449159622192 10
1764455998658 0.9195876121520996 11
1764455999255 0.9251559376716614 12
1764455999671 0.931106448173523 13
1764456000087 0.9329140186309814 14
1764456000548 0.9408034086227417 15
1764456000954 0.9408034086227417 16
1764456001369 0.9469214677810669 17
1764456001769 0.9630434513092041 18
1764456002171 0.9551281929016113 19
1764452965886 0.8930041193962097 0
1764452965886 0.8930041193962097 0
1764455993744 0.8930041193962097 0
1764456858033 0.8930041193962097 0
1764456859430 0.8960000276565552 1
1764456860008 0.8960000276565552 2
1764456860420 0.8960000276565552 3
1764456860812 0.8960000276565552 4
1764456861281 0.8960000276565552 5
1764456861768 0.8995984196662903 6
1764456862161 0.8993963599205017 7
1764456862834 0.8995984196662903 8
1764456863501 0.9100204706192017 9
1764456863912 0.9122449159622192 10
1764456864400 0.9195876121520996 11
1764456864987 0.9251559376716614 12
1764456865699 0.931106448173523 13
1764456866300 0.9329140186309814 14
1764456866776 0.9408034086227417 15
1764456867473 0.9408034086227417 16
1764456867881 0.9469214677810669 17
1764456868646 0.9630434513092041 18
1764456869075 0.9551281929016113 19
1764452965886 0.8930041193962097 0
1764452965886 0.8930041193962097 0
1764455993744 0.8930041193962097 0
1764452965886 0.8930041193962097 0
1764452965886 0.8930041193962097 0
1764455993744 0.8930041193962097 0
1764456858033 0.8930041193962097 0
1764457250316 0.8930041193962097 0
1764457250796 0.8960000276565552 1
1764457251499 0.8960000276565552 2
1764457251905 0.8960000276565552 3
1764457252296 0.8960000276565552 4
1764457252773 0.8960000276565552 5
1764457253196 0.8995984196662903 6
1764457253594 0.8993963599205017 7
1764457254007 0.8995984196662903 8
1764457254410 0.9100204706192017 9
1764457254817 0.9122449159622192 10
1764457255290 0.9195876121520996 11
1764457255690 0.9251559376716614 12
1764457256173 0.931106448173523 13
1764457256557 0.9329140186309814 14
1764457257246 0.9408034086227417 15
1764457257711 0.9408034086227417 16
1764457258138 0.9469214677810669 17
1764457258607 0.9630434513092041 18
1764457259030 0.9551281929016113 19
1764452965886 0.8930041193962097 0
1764452965886 0.8930041193962097 0
1764455993744 0.8930041193962097 0
1764452965886 0.8930041193962097 0
1764452965886 0.8930041193962097 0
1764455993744 0.8930041193962097 0
1764456858033 0.8930041193962097 0
1764452965886 0.8930041193962097 0
1764452965886 0.8930041193962097 0
1764455993744 0.8930041193962097 0
1764452965886 0.8930041193962097 0
1764452965886 0.8930041193962097 0
1764455993744 0.8930041193962097 0
1764456858033 0.8930041193962097 0
1764457250316 0.8930041193962097 0
1764459396465 0.8930041193962097 0
1764459396674 0.8960000276565552 1
1764459396875 0.8960000276565552 2
1764459397096 0.8960000276565552 3
1764459397281 0.8960000276565552 4
1764459397468 0.8960000276565552 5
1764459397654 0.8995984196662903 6
1764459397848 0.8993963599205017 7
1764459398025 0.8995984196662903 8
1764459398201 0.9100204706192017 9
1764459398392 0.9122449159622192 10
1764459398591 0.9195876121520996 11
1764459398776 0.9251559376716614 12
1764459398960 0.931106448173523 13
1764459399163 0.9329140186309814 14
1764459399342 0.9408034086227417 15
1764459399522 0.9408034086227417 16
1764459399723 0.9469214677810669 17
1764459399908 0.9630434513092041 18
1764459400124 0.9551281929016113 19
1764452965886 0.8930041193962097 0
1764452965886 0.8930041193962097 0
1764455993744 0.8930041193962097 0
1764452965886 0.8930041193962097 0
1764452965886 0.8930041193962097 0
1764455993744 0.8930041193962097 0
1764456858033 0.8930041193962097 0
1764452965886 0.8930041193962097 0
1764452965886 0.8930041193962097 0
1764455993744 0.8930041193962097 0
1764452965886 0.8930041193962097 0
1764452965886 0.8930041193962097 0
1764455993744 0.8930041193962097 0
1764456858033 0.8930041193962097 0
1764457250316 0.8930041193962097 0
1764452965886 0.8930041193962097 0
1764452965886 0.8930041193962097 0
1764455993744 0.8930041193962097 0
1764452965886 0.8930041193962097 0
1764452965886 0.8930041193962097 0
1764455993744 0.8930041193962097 0
1764456858033 0.8930041193962097 0
1764452965886 0.8930041193962097 0
1764452965886 0.8930041193962097 0
1764455993744 0.8930041193962097 0
1764452965886 0.8930041193962097 0
1764452965886 0.8930041193962097 0
1764455993744 0.8930041193962097 0
1764456858033 0.8930041193962097 0
1764457250316 0.8930041193962097 0
1764459396465 0.8930041193962097 0
