1764441872994 0.6055777072906494 0
1764441873171 0.4386003315448761 1
1764441873353 0.40561363101005554 2
1764441873543 0.35980409383773804 3
1764441873723 0.35535454750061035 4
1764441873918 0.3441832661628723 5
1764441874096 0.3282510042190552 6
1764441874271 0.3190162777900696 7
1764441874437 0.31345680356025696 8
1764441874612 0.30270668864250183 9
1764441874788 0.29110443592071533 10
1764441874979 0.2758980989456177 11
1764441875145 0.2766856253147125 12
1764441875341 0.2717084586620331 13
1764441875531 0.2759357690811157 14
1764441875758 0.2699303925037384 15
1764441876040 0.26536795496940613 16
1764441876225 0.2513141334056854 17
1764441876379 0.2535502016544342 18
1764441876546 0.24219313263893127 19
1764441876724 0.2490382343530655 20
1764441876908 0.24044078588485718 21
1764441872994 0.6055777072906494 0
