1764444432507 0.7192555665969849 0 04e5148bd9364d7782340e2c4ac90bb3
1764444432980 0.3557237982749939 1 04e5148bd9364d7782340e2c4ac90bb3
1764444433440 0.2967502176761627 2 04e5148bd9364d7782340e2c4ac90bb3
1764444434116 0.2644571363925934 3 04e5148bd9364d7782340e2c4ac90bb3
1764444434771 0.22519031167030334 4 04e5148bd9364d7782340e2c4ac90bb3
1764444435162 0.1930084526538849 5 04e5148bd9364d7782340e2c4ac90bb3
1764444435851 0.19553402066230774 6 04e5148bd9364d7782340e2c4ac90bb3
1764444436496 0.19465599954128265 7 04e5148bd9364d7782340e2c4ac90bb3
1764444436971 0.18041770160198212 8 04e5148bd9364d7782340e2c4ac90bb3
1764444437610 0.1591026335954666 9 04e5148bd9364d7782340e2c4ac90bb3
1764444438221 0.15714313089847565 10 04e5148bd9364d7782340e2c4ac90bb3
1764444438649 0.1496725231409073 11 04e5148bd9364d7782340e2c4ac90bb3
1764444439117 0.16027584671974182 12 04e5148bd9364d7782340e2c4ac90bb3
1764444439681 0.12350626289844513 13 04e5148bd9364d7782340e2c4ac90bb3
1764444440083 0.12754349410533905 14 04e5148bd9364d7782340e2c4ac90bb3
1764444440445 0.12952829897403717 15 04e5148bd9364d7782340e2c4ac90bb3
1764444441150 0.11895788460969925 16 04e5148bd9364d7782340e2c4ac90bb3
1764443470354 0.9889348149299622 0 04e5148bd9364d7782340e2c4ac90bb3
1764443470354 0.9889348149299622 0 04e5148bd9364d7782340e2c4ac90bb3
1764443649000 0.6580206751823425 0 04e5148bd9364d7782340e2c4ac90bb3
1764443470354 0.9889348149299622 0 04e5148bd9364d7782340e2c4ac90bb3
1764443470354 0.9889348149299622 0 04e5148bd9364d7782340e2c4ac90bb3
1764443649000 0.6580206751823425 0 04e5148bd9364d7782340e2c4ac90bb3
1764443833885 0.6216237545013428 0 04e5148bd9364d7782340e2c4ac90bb3
1764443470354 0.9889348149299622 0 04e5148bd9364d7782340e2c4ac90bb3
1764443470354 0.9889348149299622 0 04e5148bd9364d7782340e2c4ac90bb3
1764443649000 0.6580206751823425 0 04e5148bd9364d7782340e2c4ac90bb3
1764443470354 0.9889348149299622 0 04e5148bd9364d7782340e2c4ac90bb3
1764443470354 0.9889348149299622 0 04e5148bd9364d7782340e2c4ac90bb3
1764443649000 0.6580206751823425 0 04e5148bd9364d7782340e2c4ac90bb3
1764443833885 0.6216237545013428 0 04e5148bd9364d7782340e2c4ac90bb3
1764444234147 0.6216237545013428 0 04e5148bd9364d7782340e2c4ac90bb3
1764443470354 0.9889348149299622 0 04e5148bd9364d7782340e2c4ac90bb3
1764443470354 0.9889348149299622 0 04e5148bd9364d7782340e2c4ac90bb3
1764443649000 0.6580206751823425 0 04e5148bd9364d7782340e2c4ac90bb3
1764443470354 0.9889348149299622 0 04e5148bd9364d7782340e2c4ac90bb3
1764443470354 0.9889348149299622 0 04e5148bd9364d7782340e2c4ac90bb3
1764443649000 0.6580206751823425 0 04e5148bd9364d7782340e2c4ac90bb3
1764443833885 0.6216237545013428 0 04e5148bd9364d7782340e2c4ac90bb3
1764443470354 0.9889348149299622 0 04e5148bd9364d7782340e2c4ac90bb3
1764443470354 0.9889348149299622 0 04e5148bd9364d7782340e2c4ac90bb3
1764443649000 0.6580206751823425 0 04e5148bd9364d7782340e2c4ac90bb3
1764443470354 0.9889348149299622 0 04e5148bd9364d7782340e2c4ac90bb3
1764443470354 0.9889348149299622 0 04e5148bd9364d7782340e2c4ac90bb3
1764443649000 0.6580206751823425 0 04e5148bd9364d7782340e2c4ac90bb3
1764443833885 0.6216237545013428 0 04e5148bd9364d7782340e2c4ac90bb3
1764444234147 0.6216237545013428 0 04e5148bd9364d7782340e2c4ac90bb3
1764444432507 0.7192555665969849 0 04e5148bd9364d7782340e2c4ac90bb3
