1764444432507 0.5835539102554321 0 04e5148bd9364d7782340e2c4ac90bb3
1764444432980 0.4293467402458191 1 04e5148bd9364d7782340e2c4ac90bb3
1764444433440 0.3817601203918457 2 04e5148bd9364d7782340e2c4ac90bb3
1764444434116 0.3652600646018982 3 04e5148bd9364d7782340e2c4ac90bb3
1764444434771 0.33912625908851624 4 04e5148bd9364d7782340e2c4ac90bb3
1764444435162 0.3074508011341095 5 04e5148bd9364d7782340e2c4ac90bb3
1764444435851 0.31803077459335327 6 04e5148bd9364d7782340e2c4ac90bb3
1764444436496 0.307212233543396 7 04e5148bd9364d7782340e2c4ac90bb3
1764444436971 0.29386061429977417 8 04e5148bd9364d7782340e2c4ac90bb3
1764444437610 0.2793455421924591 9 04e5148bd9364d7782340e2c4ac90bb3
1764444438221 0.27182242274284363 10 04e5148bd9364d7782340e2c4ac90bb3
1764444438649 0.2734086811542511 11 04e5148bd9364d7782340e2c4ac90bb3
1764444439117 0.27833545207977295 12 04e5148bd9364d7782340e2c4ac90bb3
1764444439681 0.2590341567993164 13 04e5148bd9364d7782340e2c4ac90bb3
1764444440083 0.25716814398765564 14 04e5148bd9364d7782340e2c4ac90bb3
1764444440445 0.26421767473220825 15 04e5148bd9364d7782340e2c4ac90bb3
1764444441150 0.2509084939956665 16 04e5148bd9364d7782340e2c4ac90bb3
1764443470354 0.7178290486335754 0 04e5148bd9364d7782340e2c4ac90bb3
1764443470354 0.7178290486335754 0 04e5148bd9364d7782340e2c4ac90bb3
1764443649000 0.5723260641098022 0 04e5148bd9364d7782340e2c4ac90bb3
1764443470354 0.7178290486335754 0 04e5148bd9364d7782340e2c4ac90bb3
1764443470354 0.7178290486335754 0 04e5148bd9364d7782340e2c4ac90bb3
1764443649000 0.5723260641098022 0 04e5148bd9364d7782340e2c4ac90bb3
1764443833885 0.5661402940750122 0 04e5148bd9364d7782340e2c4ac90bb3
1764443470354 0.7178290486335754 0 04e5148bd9364d7782340e2c4ac90bb3
1764443470354 0.7178290486335754 0 04e5148bd9364d7782340e2c4ac90bb3
1764443649000 0.5723260641098022 0 04e5148bd9364d7782340e2c4ac90bb3
1764443470354 0.7178290486335754 0 04e5148bd9364d7782340e2c4ac90bb3
1764443470354 0.7178290486335754 0 04e5148bd9364d7782340e2c4ac90bb3
1764443649000 0.5723260641098022 0 04e5148bd9364d7782340e2c4ac90bb3
1764443833885 0.5661402940750122 0 04e5148bd9364d7782340e2c4ac90bb3
1764444234147 0.5661402940750122 0 04e5148bd9364d7782340e2c4ac90bb3
1764443470354 0.7178290486335754 0 04e5148bd9364d7782340e2c4ac90bb3
1764443470354 0.7178290486335754 0 04e5148bd9364d7782340e2c4ac90bb3
1764443649000 0.5723260641098022 0 04e5148bd9364d7782340e2c4ac90bb3
1764443470354 0.7178290486335754 0 04e5148bd9364d7782340e2c4ac90bb3
1764443470354 0.7178290486335754 0 04e5148bd9364d7782340e2c4ac90bb3
1764443649000 0.5723260641098022 0 04e5148bd9364d7782340e2c4ac90bb3
1764443833885 0.5661402940750122 0 04e5148bd9364d7782340e2c4ac90bb3
1764443470354 0.7178290486335754 0 04e5148bd9364d7782340e2c4ac90bb3
1764443470354 0.7178290486335754 0 04e5148bd9364d7782340e2c4ac90bb3
1764443649000 0.5723260641098022 0 04e5148bd9364d7782340e2c4ac90bb3
1764443470354 0.7178290486335754 0 04e5148bd9364d7782340e2c4ac90bb3
1764443470354 0.7178290486335754 0 04e5148bd9364d7782340e2c4ac90bb3
1764443649000 0.5723260641098022 0 04e5148bd9364d7782340e2c4ac90bb3
1764443833885 0.5661402940750122 0 04e5148bd9364d7782340e2c4ac90bb3
1764444234147 0.5661402940750122 0 04e5148bd9364d7782340e2c4ac90bb3
1764444432507 0.5835539102554321 0 04e5148bd9364d7782340e2c4ac90bb3
