1764446555992 0.43424710631370544 0
1764446556451 0.3413487672805786 1
1764446557153 0.320115864276886 2
1764446557879 0.30588310956954956 3
1764446558325 0.28246432542800903 4
1764446559060 0.25610876083374023 5
1764446559520 0.25936904549598694 6
1764446560050 0.24590696394443512 7
1764446560494 0.23346391320228577 8
1764446560895 0.2193542867898941 9
1764446561338 0.2064635008573532 10
1764446561774 0.19525539875030518 11
1764446562174 0.18898464739322662 12
1764446562918 0.16678090393543243 13
1764446563602 0.16693930327892303 14
1764446564031 0.15376028418540955 15
1764446564529 0.15054434537887573 16
1764446564939 0.14443817734718323 17
1764446565328 0.14280898869037628 18
1764446566075 0.1235126182436943 19
1764446555992 0.43424710631370544 0
1764447074704 0.43424710631370544 0
1764447075081 0.3413487672805786 1
1764447075410 0.320115864276886 2
1764447075754 0.30588310956954956 3
1764447076527 0.28246432542800903 4
1764447076912 0.25610876083374023 5
1764447077662 0.25936904549598694 6
1764447078087 0.24590696394443512 7
1764447078515 0.23346391320228577 8
1764447079037 0.2193542867898941 9
1764447079516 0.2064635008573532 10
1764447079872 0.19525539875030518 11
1764447080270 0.18898464739322662 12
1764447080692 0.16678090393543243 13
1764447081439 0.16693930327892303 14
1764447082109 0.15376028418540955 15
1764447082709 0.15054434537887573 16
1764447083341 0.14443817734718323 17
1764447083732 0.14280898869037628 18
1764447084156 0.1235126182436943 19
1764446555992 0.43424710631370544 0
1764446555992 0.43424710631370544 0
1764447074704 0.43424710631370544 0
1764447206035 0.43424710631370544 0
1764447207113 0.3413487672805786 1
1764447207652 0.320115864276886 2
1764447208092 0.30588310956954956 3
1764447208545 0.28246432542800903 4
1764447209039 0.25610876083374023 5
1764447209494 0.25936904549598694 6
1764447209965 0.24590696394443512 7
1764447210424 0.23346391320228577 8
1764447211112 0.2193542867898941 9
1764447211808 0.2064635008573532 10
1764447212396 0.19525539875030518 11
1764447212901 0.18898464739322662 12
1764447213309 0.16678090393543243 13
1764447213839 0.16693930327892303 14
1764447214350 0.15376028418540955 15
1764447214935 0.15054434537887573 16
1764447215369 0.14443817734718323 17
1764447215876 0.14280898869037628 18
1764447216356 0.1235126182436943 19
1764446555992 0.43424710631370544 0
1764446555992 0.43424710631370544 0
1764447074704 0.43424710631370544 0
1764446555992 0.43424710631370544 0
1764446555992 0.43424710631370544 0
1764447074704 0.43424710631370544 0
1764447206035 0.43424710631370544 0
1764448124106 0.43424710631370544 0
1764448124522 0.3413487672805786 1
1764448124916 0.320115864276886 2
1764448125352 0.30588310956954956 3
1764448125864 0.28246432542800903 4
1764448126267 0.25610876083374023 5
1764448126727 0.25936904549598694 6
1764448127148 0.24590696394443512 7
1764448127883 0.23346391320228577 8
1764448128351 0.2193542867898941 9
1764448128761 0.2064635008573532 10
1764448129225 0.19525539875030518 11
1764448129648 0.18898464739322662 12
1764448130340 0.16678090393543243 13
1764448131072 0.16693930327892303 14
1764448131763 0.15376028418540955 15
1764448132382 0.15054434537887573 16
1764448133039 0.14443817734718323 17
1764448133551 0.14280898869037628 18
1764448134026 0.1235126182436943 19
1764446555992 0.43424710631370544 0
1764446555992 0.43424710631370544 0
1764447074704 0.43424710631370544 0
1764446555992 0.43424710631370544 0
1764446555992 0.43424710631370544 0
1764447074704 0.43424710631370544 0
1764447206035 0.43424710631370544 0
1764446555992 0.43424710631370544 0
1764446555992 0.43424710631370544 0
1764447074704 0.43424710631370544 0
1764446555992 0.43424710631370544 0
1764446555992 0.43424710631370544 0
1764447074704 0.43424710631370544 0
1764447206035 0.43424710631370544 0
1764448124106 0.43424710631370544 0
