1764446555992 0.8930041193962097 0
1764446556451 0.8960000276565552 1
1764446557153 0.8960000276565552 2
1764446557879 0.8960000276565552 3
1764446558325 0.8960000276565552 4
1764446559060 0.8960000276565552 5
1764446559520 0.8995984196662903 6
1764446560050 0.8993963599205017 7
1764446560494 0.8995984196662903 8
1764446560895 0.9100204706192017 9
1764446561338 0.9122449159622192 10
1764446561774 0.9195876121520996 11
1764446562174 0.9251559376716614 12
1764446562918 0.931106448173523 13
1764446563602 0.9329140186309814 14
1764446564031 0.9408034086227417 15
1764446564529 0.9408034086227417 16
1764446564939 0.9469214677810669 17
1764446565328 0.9630434513092041 18
1764446566075 0.9551281929016113 19
1764446555992 0.8930041193962097 0
1764447074704 0.8930041193962097 0
1764447075081 0.8960000276565552 1
1764447075410 0.8960000276565552 2
1764447075754 0.8960000276565552 3
1764447076527 0.8960000276565552 4
1764447076912 0.8960000276565552 5
1764447077662 0.8995984196662903 6
1764447078087 0.8993963599205017 7
1764447078515 0.8995984196662903 8
1764447079037 0.9100204706192017 9
1764447079516 0.9122449159622192 10
1764447079872 0.9195876121520996 11
1764447080270 0.9251559376716614 12
1764447080692 0.931106448173523 13
1764447081439 0.9329140186309814 14
1764447082109 0.9408034086227417 15
1764447082709 0.9408034086227417 16
1764447083341 0.9469214677810669 17
1764447083732 0.9630434513092041 18
1764447084156 0.9551281929016113 19
1764446555992 0.8930041193962097 0
1764446555992 0.8930041193962097 0
1764447074704 0.8930041193962097 0
1764447206035 0.8930041193962097 0
1764447207113 0.8960000276565552 1
1764447207652 0.8960000276565552 2
1764447208092 0.8960000276565552 3
1764447208545 0.8960000276565552 4
1764447209039 0.8960000276565552 5
1764447209494 0.8995984196662903 6
1764447209965 0.8993963599205017 7
1764447210424 0.8995984196662903 8
1764447211112 0.9100204706192017 9
1764447211808 0.9122449159622192 10
1764447212396 0.9195876121520996 11
1764447212901 0.9251559376716614 12
1764447213309 0.931106448173523 13
1764447213839 0.9329140186309814 14
1764447214350 0.9408034086227417 15
1764447214935 0.9408034086227417 16
1764447215369 0.9469214677810669 17
1764447215876 0.9630434513092041 18
1764447216356 0.9551281929016113 19
1764446555992 0.8930041193962097 0
1764446555992 0.8930041193962097 0
1764447074704 0.8930041193962097 0
1764446555992 0.8930041193962097 0
1764446555992 0.8930041193962097 0
1764447074704 0.8930041193962097 0
1764447206035 0.8930041193962097 0
1764448124106 0.8930041193962097 0
1764448124522 0.8960000276565552 1
1764448124916 0.8960000276565552 2
1764448125352 0.8960000276565552 3
1764448125864 0.8960000276565552 4
1764448126267 0.8960000276565552 5
1764448126727 0.8995984196662903 6
1764448127148 0.8993963599205017 7
1764448127883 0.8995984196662903 8
1764448128351 0.9100204706192017 9
1764448128761 0.9122449159622192 10
1764448129225 0.9195876121520996 11
1764448129648 0.9251559376716614 12
1764448130340 0.931106448173523 13
1764448131072 0.9329140186309814 14
1764448131763 0.9408034086227417 15
1764448132382 0.9408034086227417 16
1764448133039 0.9469214677810669 17
1764448133551 0.9630434513092041 18
1764448134026 0.9551281929016113 19
1764446555992 0.8930041193962097 0
1764446555992 0.8930041193962097 0
1764447074704 0.8930041193962097 0
1764446555992 0.8930041193962097 0
1764446555992 0.8930041193962097 0
1764447074704 0.8930041193962097 0
1764447206035 0.8930041193962097 0
1764446555992 0.8930041193962097 0
1764446555992 0.8930041193962097 0
1764447074704 0.8930041193962097 0
1764446555992 0.8930041193962097 0
1764446555992 0.8930041193962097 0
1764447074704 0.8930041193962097 0
1764447206035 0.8930041193962097 0
1764448124106 0.8930041193962097 0
