1764446555992 0.8679999709129333 0 6e4703ca7b8d4e6f8e59bdbd1456492f
1764446556451 0.8960000276565552 1 6e4703ca7b8d4e6f8e59bdbd1456492f
1764446557153 0.8960000276565552 2 6e4703ca7b8d4e6f8e59bdbd1456492f
1764446557879 0.8960000276565552 3 6e4703ca7b8d4e6f8e59bdbd1456492f
1764446558325 0.8960000276565552 4 6e4703ca7b8d4e6f8e59bdbd1456492f
1764446559060 0.8960000276565552 5 6e4703ca7b8d4e6f8e59bdbd1456492f
1764446559520 0.8999999761581421 6 6e4703ca7b8d4e6f8e59bdbd1456492f
1764446560050 0.8980000019073486 7 6e4703ca7b8d4e6f8e59bdbd1456492f
1764446560494 0.8999999761581421 8 6e4703ca7b8d4e6f8e59bdbd1456492f
1764446560895 0.906000018119812 9 6e4703ca7b8d4e6f8e59bdbd1456492f
1764446561338 0.9120000004768372 10 6e4703ca7b8d4e6f8e59bdbd1456492f
1764446561774 0.9179999828338623 11 6e4703ca7b8d4e6f8e59bdbd1456492f
1764446562174 0.921999990940094 12 6e4703ca7b8d4e6f8e59bdbd1456492f
1764446562918 0.9300000071525574 13 6e4703ca7b8d4e6f8e59bdbd1456492f
1764446563602 0.9300000071525574 14 6e4703ca7b8d4e6f8e59bdbd1456492f
1764446564031 0.9380000233650208 15 6e4703ca7b8d4e6f8e59bdbd1456492f
1764446564529 0.9380000233650208 16 6e4703ca7b8d4e6f8e59bdbd1456492f
1764446564939 0.9459999799728394 17 6e4703ca7b8d4e6f8e59bdbd1456492f
1764446565328 0.9559999704360962 18 6e4703ca7b8d4e6f8e59bdbd1456492f
1764446566075 0.9559999704360962 19 6e4703ca7b8d4e6f8e59bdbd1456492f
1764446555992 0.8679999709129333 0 6e4703ca7b8d4e6f8e59bdbd1456492f
