1764446555992 0.9284288883209229 0 6e4703ca7b8d4e6f8e59bdbd1456492f
1764446556451 0.9446625709533691 1 6e4703ca7b8d4e6f8e59bdbd1456492f
1764446557153 0.9446625709533691 2 6e4703ca7b8d4e6f8e59bdbd1456492f
1764446557879 0.9446625709533691 3 6e4703ca7b8d4e6f8e59bdbd1456492f
1764446558325 0.9446625709533691 4 6e4703ca7b8d4e6f8e59bdbd1456492f
1764446559060 0.9446625709533691 5 6e4703ca7b8d4e6f8e59bdbd1456492f
1764446559520 0.9466277956962585 6 6e4703ca7b8d4e6f8e59bdbd1456492f
1764446560050 0.945534884929657 7 6e4703ca7b8d4e6f8e59bdbd1456492f
1764446560494 0.9466277956962585 8 6e4703ca7b8d4e6f8e59bdbd1456492f
1764446560895 0.9500864744186401 9 6e4703ca7b8d4e6f8e59bdbd1456492f
1764446561338 0.9527900815010071 10 6e4703ca7b8d4e6f8e59bdbd1456492f
1764446561774 0.955578088760376 11 6e4703ca7b8d4e6f8e59bdbd1456492f
1764446562174 0.9584317207336426 12 6e4703ca7b8d4e6f8e59bdbd1456492f
1764446562918 0.9625283479690552 13 6e4703ca7b8d4e6f8e59bdbd1456492f
1764446563602 0.9619230031967163 14 6e4703ca7b8d4e6f8e59bdbd1456492f
1764446564031 0.9664523601531982 15 6e4703ca7b8d4e6f8e59bdbd1456492f
1764446564529 0.9663841724395752 16 6e4703ca7b8d4e6f8e59bdbd1456492f
1764446564939 0.9707173705101013 17 6e4703ca7b8d4e6f8e59bdbd1456492f
1764446565328 0.9760497212409973 18 6e4703ca7b8d4e6f8e59bdbd1456492f
1764446566075 0.9759466052055359 19 6e4703ca7b8d4e6f8e59bdbd1456492f
1764446555992 0.9284288883209229 0 6e4703ca7b8d4e6f8e59bdbd1456492f
