1764446555992 0.8930041193962097 0 6e4703ca7b8d4e6f8e59bdbd1456492f
1764446556451 0.8960000276565552 1 6e4703ca7b8d4e6f8e59bdbd1456492f
1764446557153 0.8960000276565552 2 6e4703ca7b8d4e6f8e59bdbd1456492f
1764446557879 0.8960000276565552 3 6e4703ca7b8d4e6f8e59bdbd1456492f
1764446558325 0.8960000276565552 4 6e4703ca7b8d4e6f8e59bdbd1456492f
1764446559060 0.8960000276565552 5 6e4703ca7b8d4e6f8e59bdbd1456492f
1764446559520 0.8995984196662903 6 6e4703ca7b8d4e6f8e59bdbd1456492f
1764446560050 0.8993963599205017 7 6e4703ca7b8d4e6f8e59bdbd1456492f
1764446560494 0.8995984196662903 8 6e4703ca7b8d4e6f8e59bdbd1456492f
1764446560895 0.9100204706192017 9 6e4703ca7b8d4e6f8e59bdbd1456492f
1764446561338 0.9122449159622192 10 6e4703ca7b8d4e6f8e59bdbd1456492f
1764446561774 0.9195876121520996 11 6e4703ca7b8d4e6f8e59bdbd1456492f
1764446562174 0.9251559376716614 12 6e4703ca7b8d4e6f8e59bdbd1456492f
1764446562918 0.931106448173523 13 6e4703ca7b8d4e6f8e59bdbd1456492f
1764446563602 0.9329140186309814 14 6e4703ca7b8d4e6f8e59bdbd1456492f
1764446564031 0.9408034086227417 15 6e4703ca7b8d4e6f8e59bdbd1456492f
1764446564529 0.9408034086227417 16 6e4703ca7b8d4e6f8e59bdbd1456492f
1764446564939 0.9469214677810669 17 6e4703ca7b8d4e6f8e59bdbd1456492f
1764446565328 0.9630434513092041 18 6e4703ca7b8d4e6f8e59bdbd1456492f
1764446566075 0.9551281929016113 19 6e4703ca7b8d4e6f8e59bdbd1456492f
1764446555992 0.8930041193962097 0 6e4703ca7b8d4e6f8e59bdbd1456492f
