1764446555992 0.96875 0 6e4703ca7b8d4e6f8e59bdbd1456492f
1764446556451 1.0 1 6e4703ca7b8d4e6f8e59bdbd1456492f
1764446557153 1.0 2 6e4703ca7b8d4e6f8e59bdbd1456492f
1764446557879 1.0 3 6e4703ca7b8d4e6f8e59bdbd1456492f
1764446558325 1.0 4 6e4703ca7b8d4e6f8e59bdbd1456492f
1764446559060 1.0 5 6e4703ca7b8d4e6f8e59bdbd1456492f
1764446559520 1.0 6 6e4703ca7b8d4e6f8e59bdbd1456492f
1764446560050 0.9977678656578064 7 6e4703ca7b8d4e6f8e59bdbd1456492f
1764446560494 1.0 8 6e4703ca7b8d4e6f8e59bdbd1456492f
1764446560895 0.9933035969734192 9 6e4703ca7b8d4e6f8e59bdbd1456492f
1764446561338 0.9977678656578064 10 6e4703ca7b8d4e6f8e59bdbd1456492f
1764446561774 0.9955357313156128 11 6e4703ca7b8d4e6f8e59bdbd1456492f
1764446562174 0.9933035969734192 12 6e4703ca7b8d4e6f8e59bdbd1456492f
1764446562918 0.9955357313156128 13 6e4703ca7b8d4e6f8e59bdbd1456492f
1764446563602 0.9933035969734192 14 6e4703ca7b8d4e6f8e59bdbd1456492f
1764446564031 0.9933035969734192 15 6e4703ca7b8d4e6f8e59bdbd1456492f
1764446564529 0.9933035969734192 16 6e4703ca7b8d4e6f8e59bdbd1456492f
1764446564939 0.9955357313156128 17 6e4703ca7b8d4e6f8e59bdbd1456492f
1764446565328 0.9888392686843872 18 6e4703ca7b8d4e6f8e59bdbd1456492f
1764446566075 0.9977678656578064 19 6e4703ca7b8d4e6f8e59bdbd1456492f
1764446555992 0.96875 0 6e4703ca7b8d4e6f8e59bdbd1456492f
