1764442278452 0.5657235980033875 0 ee5c41e9c56a4d4092b04275348c9e16
1764442278793 0.4450094699859619 1 ee5c41e9c56a4d4092b04275348c9e16
1764442279147 0.382679283618927 2 ee5c41e9c56a4d4092b04275348c9e16
1764442279973 0.3698454201221466 3 ee5c41e9c56a4d4092b04275348c9e16
1764442280407 0.3429372310638428 4 ee5c41e9c56a4d4092b04275348c9e16
1764442280835 0.32523074746131897 5 ee5c41e9c56a4d4092b04275348c9e16
1764442281244 0.3219747543334961 6 ee5c41e9c56a4d4092b04275348c9e16
1764442281627 0.2988697290420532 7 ee5c41e9c56a4d4092b04275348c9e16
1764442282298 0.2968275547027588 8 ee5c41e9c56a4d4092b04275348c9e16
1764442282679 0.2999134063720703 9 ee5c41e9c56a4d4092b04275348c9e16
1764442283450 0.2765306234359741 10 ee5c41e9c56a4d4092b04275348c9e16
1764442283836 0.29419299960136414 11 ee5c41e9c56a4d4092b04275348c9e16
1764442284300 0.27152323722839355 12 ee5c41e9c56a4d4092b04275348c9e16
1764442284722 0.28661614656448364 13 ee5c41e9c56a4d4092b04275348c9e16
1764442285349 0.2792738974094391 14 ee5c41e9c56a4d4092b04275348c9e16
1764442286100 0.25523409247398376 15 ee5c41e9c56a4d4092b04275348c9e16
1764442286525 0.26550498604774475 16 ee5c41e9c56a4d4092b04275348c9e16
1764442286986 0.25219613313674927 17 ee5c41e9c56a4d4092b04275348c9e16
1764442287387 0.24862881004810333 18 ee5c41e9c56a4d4092b04275348c9e16
1764442287781 0.24949446320533752 19 ee5c41e9c56a4d4092b04275348c9e16
1764442278452 0.5657235980033875 0 ee5c41e9c56a4d4092b04275348c9e16
