1764448124106 0.8679999709129333 0 6e4703ca7b8d4e6f8e59bdbd1456492f
1764448124522 0.8960000276565552 1 6e4703ca7b8d4e6f8e59bdbd1456492f
1764448124916 0.8960000276565552 2 6e4703ca7b8d4e6f8e59bdbd1456492f
1764448125352 0.8960000276565552 3 6e4703ca7b8d4e6f8e59bdbd1456492f
1764448125864 0.8960000276565552 4 6e4703ca7b8d4e6f8e59bdbd1456492f
1764448126267 0.8960000276565552 5 6e4703ca7b8d4e6f8e59bdbd1456492f
1764448126727 0.8999999761581421 6 6e4703ca7b8d4e6f8e59bdbd1456492f
1764448127148 0.8980000019073486 7 6e4703ca7b8d4e6f8e59bdbd1456492f
1764448127883 0.8999999761581421 8 6e4703ca7b8d4e6f8e59bdbd1456492f
1764448128351 0.906000018119812 9 6e4703ca7b8d4e6f8e59bdbd1456492f
1764448128761 0.9120000004768372 10 6e4703ca7b8d4e6f8e59bdbd1456492f
1764448129225 0.9179999828338623 11 6e4703ca7b8d4e6f8e59bdbd1456492f
1764448129648 0.921999990940094 12 6e4703ca7b8d4e6f8e59bdbd1456492f
1764448130340 0.9300000071525574 13 6e4703ca7b8d4e6f8e59bdbd1456492f
1764448131072 0.9300000071525574 14 6e4703ca7b8d4e6f8e59bdbd1456492f
1764448131763 0.9380000233650208 15 6e4703ca7b8d4e6f8e59bdbd1456492f
1764448132382 0.9380000233650208 16 6e4703ca7b8d4e6f8e59bdbd1456492f
1764448133039 0.9459999799728394 17 6e4703ca7b8d4e6f8e59bdbd1456492f
1764448133551 0.9559999704360962 18 6e4703ca7b8d4e6f8e59bdbd1456492f
1764448134026 0.9559999704360962 19 6e4703ca7b8d4e6f8e59bdbd1456492f
1764446555992 0.8679999709129333 0 6e4703ca7b8d4e6f8e59bdbd1456492f
1764446555992 0.8679999709129333 0 6e4703ca7b8d4e6f8e59bdbd1456492f
1764447074704 0.8679999709129333 0 6e4703ca7b8d4e6f8e59bdbd1456492f
1764446555992 0.8679999709129333 0 6e4703ca7b8d4e6f8e59bdbd1456492f
1764446555992 0.8679999709129333 0 6e4703ca7b8d4e6f8e59bdbd1456492f
1764447074704 0.8679999709129333 0 6e4703ca7b8d4e6f8e59bdbd1456492f
1764447206035 0.8679999709129333 0 6e4703ca7b8d4e6f8e59bdbd1456492f
1764446555992 0.8679999709129333 0 6e4703ca7b8d4e6f8e59bdbd1456492f
1764446555992 0.8679999709129333 0 6e4703ca7b8d4e6f8e59bdbd1456492f
1764447074704 0.8679999709129333 0 6e4703ca7b8d4e6f8e59bdbd1456492f
1764446555992 0.8679999709129333 0 6e4703ca7b8d4e6f8e59bdbd1456492f
1764446555992 0.8679999709129333 0 6e4703ca7b8d4e6f8e59bdbd1456492f
1764447074704 0.8679999709129333 0 6e4703ca7b8d4e6f8e59bdbd1456492f
1764447206035 0.8679999709129333 0 6e4703ca7b8d4e6f8e59bdbd1456492f
1764448124106 0.8679999709129333 0 6e4703ca7b8d4e6f8e59bdbd1456492f
