1764448124106 0.4675695598125458 0 6e4703ca7b8d4e6f8e59bdbd1456492f
1764448124522 0.5829327702522278 1 6e4703ca7b8d4e6f8e59bdbd1456492f
1764448124916 0.6662302017211914 2 6e4703ca7b8d4e6f8e59bdbd1456492f
1764448125352 0.7264552116394043 3 6e4703ca7b8d4e6f8e59bdbd1456492f
1764448125864 0.8086795806884766 4 6e4703ca7b8d4e6f8e59bdbd1456492f
1764448126267 0.8731327056884766 5 6e4703ca7b8d4e6f8e59bdbd1456492f
1764448126727 0.8522921800613403 6 6e4703ca7b8d4e6f8e59bdbd1456492f
1764448127148 0.8739054203033447 7 6e4703ca7b8d4e6f8e59bdbd1456492f
1764448127883 0.889723539352417 8 6e4703ca7b8d4e6f8e59bdbd1456492f
1764448128351 0.9072802066802979 9 6e4703ca7b8d4e6f8e59bdbd1456492f
1764448128761 0.9249656200408936 10 6e4703ca7b8d4e6f8e59bdbd1456492f
1764448129225 0.9304602146148682 11 6e4703ca7b8d4e6f8e59bdbd1456492f
1764448129648 0.935546875 12 6e4703ca7b8d4e6f8e59bdbd1456492f
1764448130340 0.9585766792297363 13 6e4703ca7b8d4e6f8e59bdbd1456492f
1764448131072 0.9480597376823425 14 6e4703ca7b8d4e6f8e59bdbd1456492f
1764448131763 0.9639852046966553 15 6e4703ca7b8d4e6f8e59bdbd1456492f
1764448132382 0.9679129719734192 16 6e4703ca7b8d4e6f8e59bdbd1456492f
1764448133039 0.964135468006134 17 6e4703ca7b8d4e6f8e59bdbd1456492f
1764448133551 0.9617531299591064 18 6e4703ca7b8d4e6f8e59bdbd1456492f
1764448134026 0.9771205186843872 19 6e4703ca7b8d4e6f8e59bdbd1456492f
1764446555992 0.4675695598125458 0 6e4703ca7b8d4e6f8e59bdbd1456492f
1764446555992 0.4675695598125458 0 6e4703ca7b8d4e6f8e59bdbd1456492f
1764447074704 0.4675695598125458 0 6e4703ca7b8d4e6f8e59bdbd1456492f
1764446555992 0.4675695598125458 0 6e4703ca7b8d4e6f8e59bdbd1456492f
1764446555992 0.4675695598125458 0 6e4703ca7b8d4e6f8e59bdbd1456492f
1764447074704 0.4675695598125458 0 6e4703ca7b8d4e6f8e59bdbd1456492f
1764447206035 0.4675695598125458 0 6e4703ca7b8d4e6f8e59bdbd1456492f
1764446555992 0.4675695598125458 0 6e4703ca7b8d4e6f8e59bdbd1456492f
1764446555992 0.4675695598125458 0 6e4703ca7b8d4e6f8e59bdbd1456492f
1764447074704 0.4675695598125458 0 6e4703ca7b8d4e6f8e59bdbd1456492f
1764446555992 0.4675695598125458 0 6e4703ca7b8d4e6f8e59bdbd1456492f
1764446555992 0.4675695598125458 0 6e4703ca7b8d4e6f8e59bdbd1456492f
1764447074704 0.4675695598125458 0 6e4703ca7b8d4e6f8e59bdbd1456492f
1764447206035 0.4675695598125458 0 6e4703ca7b8d4e6f8e59bdbd1456492f
1764448124106 0.4675695598125458 0 6e4703ca7b8d4e6f8e59bdbd1456492f
