1764448124106 0.9284288883209229 0 6e4703ca7b8d4e6f8e59bdbd1456492f
1764448124522 0.9446625709533691 1 6e4703ca7b8d4e6f8e59bdbd1456492f
1764448124916 0.9446625709533691 2 6e4703ca7b8d4e6f8e59bdbd1456492f
1764448125352 0.9446625709533691 3 6e4703ca7b8d4e6f8e59bdbd1456492f
1764448125864 0.9446625709533691 4 6e4703ca7b8d4e6f8e59bdbd1456492f
1764448126267 0.9446625709533691 5 6e4703ca7b8d4e6f8e59bdbd1456492f
1764448126727 0.9466277956962585 6 6e4703ca7b8d4e6f8e59bdbd1456492f
1764448127148 0.945534884929657 7 6e4703ca7b8d4e6f8e59bdbd1456492f
1764448127883 0.9466277956962585 8 6e4703ca7b8d4e6f8e59bdbd1456492f
1764448128351 0.9500864744186401 9 6e4703ca7b8d4e6f8e59bdbd1456492f
1764448128761 0.9527900815010071 10 6e4703ca7b8d4e6f8e59bdbd1456492f
1764448129225 0.955578088760376 11 6e4703ca7b8d4e6f8e59bdbd1456492f
1764448129648 0.9584317207336426 12 6e4703ca7b8d4e6f8e59bdbd1456492f
1764448130340 0.9625283479690552 13 6e4703ca7b8d4e6f8e59bdbd1456492f
1764448131072 0.9619230031967163 14 6e4703ca7b8d4e6f8e59bdbd1456492f
1764448131763 0.9664523601531982 15 6e4703ca7b8d4e6f8e59bdbd1456492f
1764448132382 0.9663841724395752 16 6e4703ca7b8d4e6f8e59bdbd1456492f
1764448133039 0.9707173705101013 17 6e4703ca7b8d4e6f8e59bdbd1456492f
1764448133551 0.9760497212409973 18 6e4703ca7b8d4e6f8e59bdbd1456492f
1764448134026 0.9759466052055359 19 6e4703ca7b8d4e6f8e59bdbd1456492f
1764446555992 0.9284288883209229 0 6e4703ca7b8d4e6f8e59bdbd1456492f
1764446555992 0.9284288883209229 0 6e4703ca7b8d4e6f8e59bdbd1456492f
1764447074704 0.9284288883209229 0 6e4703ca7b8d4e6f8e59bdbd1456492f
1764446555992 0.9284288883209229 0 6e4703ca7b8d4e6f8e59bdbd1456492f
1764446555992 0.9284288883209229 0 6e4703ca7b8d4e6f8e59bdbd1456492f
1764447074704 0.9284288883209229 0 6e4703ca7b8d4e6f8e59bdbd1456492f
1764447206035 0.9284288883209229 0 6e4703ca7b8d4e6f8e59bdbd1456492f
1764446555992 0.9284288883209229 0 6e4703ca7b8d4e6f8e59bdbd1456492f
1764446555992 0.9284288883209229 0 6e4703ca7b8d4e6f8e59bdbd1456492f
1764447074704 0.9284288883209229 0 6e4703ca7b8d4e6f8e59bdbd1456492f
1764446555992 0.9284288883209229 0 6e4703ca7b8d4e6f8e59bdbd1456492f
1764446555992 0.9284288883209229 0 6e4703ca7b8d4e6f8e59bdbd1456492f
1764447074704 0.9284288883209229 0 6e4703ca7b8d4e6f8e59bdbd1456492f
1764447206035 0.9284288883209229 0 6e4703ca7b8d4e6f8e59bdbd1456492f
1764448124106 0.9284288883209229 0 6e4703ca7b8d4e6f8e59bdbd1456492f
