1764448124106 0.96875 0 6e4703ca7b8d4e6f8e59bdbd1456492f
1764448124522 1.0 1 6e4703ca7b8d4e6f8e59bdbd1456492f
1764448124916 1.0 2 6e4703ca7b8d4e6f8e59bdbd1456492f
1764448125352 1.0 3 6e4703ca7b8d4e6f8e59bdbd1456492f
1764448125864 1.0 4 6e4703ca7b8d4e6f8e59bdbd1456492f
1764448126267 1.0 5 6e4703ca7b8d4e6f8e59bdbd1456492f
1764448126727 1.0 6 6e4703ca7b8d4e6f8e59bdbd1456492f
1764448127148 0.9977678656578064 7 6e4703ca7b8d4e6f8e59bdbd1456492f
1764448127883 1.0 8 6e4703ca7b8d4e6f8e59bdbd1456492f
1764448128351 0.9933035969734192 9 6e4703ca7b8d4e6f8e59bdbd1456492f
1764448128761 0.9977678656578064 10 6e4703ca7b8d4e6f8e59bdbd1456492f
1764448129225 0.9955357313156128 11 6e4703ca7b8d4e6f8e59bdbd1456492f
1764448129648 0.9933035969734192 12 6e4703ca7b8d4e6f8e59bdbd1456492f
1764448130340 0.9955357313156128 13 6e4703ca7b8d4e6f8e59bdbd1456492f
1764448131072 0.9933035969734192 14 6e4703ca7b8d4e6f8e59bdbd1456492f
1764448131763 0.9933035969734192 15 6e4703ca7b8d4e6f8e59bdbd1456492f
1764448132382 0.9933035969734192 16 6e4703ca7b8d4e6f8e59bdbd1456492f
1764448133039 0.9955357313156128 17 6e4703ca7b8d4e6f8e59bdbd1456492f
1764448133551 0.9888392686843872 18 6e4703ca7b8d4e6f8e59bdbd1456492f
1764448134026 0.9977678656578064 19 6e4703ca7b8d4e6f8e59bdbd1456492f
1764446555992 0.96875 0 6e4703ca7b8d4e6f8e59bdbd1456492f
1764446555992 0.96875 0 6e4703ca7b8d4e6f8e59bdbd1456492f
1764447074704 0.96875 0 6e4703ca7b8d4e6f8e59bdbd1456492f
1764446555992 0.96875 0 6e4703ca7b8d4e6f8e59bdbd1456492f
1764446555992 0.96875 0 6e4703ca7b8d4e6f8e59bdbd1456492f
1764447074704 0.96875 0 6e4703ca7b8d4e6f8e59bdbd1456492f
1764447206035 0.96875 0 6e4703ca7b8d4e6f8e59bdbd1456492f
1764446555992 0.96875 0 6e4703ca7b8d4e6f8e59bdbd1456492f
1764446555992 0.96875 0 6e4703ca7b8d4e6f8e59bdbd1456492f
1764447074704 0.96875 0 6e4703ca7b8d4e6f8e59bdbd1456492f
1764446555992 0.96875 0 6e4703ca7b8d4e6f8e59bdbd1456492f
1764446555992 0.96875 0 6e4703ca7b8d4e6f8e59bdbd1456492f
1764447074704 0.96875 0 6e4703ca7b8d4e6f8e59bdbd1456492f
1764447206035 0.96875 0 6e4703ca7b8d4e6f8e59bdbd1456492f
1764448124106 0.96875 0 6e4703ca7b8d4e6f8e59bdbd1456492f
