1764445872493 0.7486367225646973 0
1764445873344 0.360686719417572 1
1764445873713 0.2971998155117035 2
1764445874440 0.24533258378505707 3
1764445875077 0.24009022116661072 4
1764445875794 0.21719732880592346 5
1764445876189 0.20536543428897858 6
1764445876546 0.18905532360076904 7
1764445876960 0.18921810388565063 8
1764445877680 0.18222187459468842 9
1764445878055 0.1551235020160675 10
1764445878832 0.16289466619491577 11
1764445879238 0.1606857031583786 12
1764445879914 0.1659877598285675 13
1764445880357 0.14399084448814392 14
1764445880832 0.13339240849018097 15
1764445881407 0.13246332108974457 16
1764445882096 0.12788113951683044 17
1764445882539 0.11384403705596924 18
1764445883161 0.11269276589155197 19
1764445883661 0.1110369861125946 20
1764445884267 0.11539225280284882 21
1764445884641 0.11013887822628021 22
1764445885368 0.1075456365942955 23
1764445886027 0.10628336668014526 24
1764445886426 0.1056961938738823 25
1764445872493 0.7486367225646973 0
