1764452922325 0.7486367225646973 0 bebc4361fef749e89bad256c20f0071c
1764452922688 0.360686719417572 1 bebc4361fef749e89bad256c20f0071c
1764452923131 0.2971998155117035 2 bebc4361fef749e89bad256c20f0071c
1764452923752 0.24533258378505707 3 bebc4361fef749e89bad256c20f0071c
1764452924104 0.24009022116661072 4 bebc4361fef749e89bad256c20f0071c
1764452924530 0.21719732880592346 5 bebc4361fef749e89bad256c20f0071c
1764452925209 0.20536543428897858 6 bebc4361fef749e89bad256c20f0071c
1764452925593 0.18905532360076904 7 bebc4361fef749e89bad256c20f0071c
1764452925971 0.18921810388565063 8 bebc4361fef749e89bad256c20f0071c
1764452926713 0.18222187459468842 9 bebc4361fef749e89bad256c20f0071c
1764452927421 0.1551235020160675 10 bebc4361fef749e89bad256c20f0071c
1764452927968 0.16289466619491577 11 bebc4361fef749e89bad256c20f0071c
1764452928405 0.1606857031583786 12 bebc4361fef749e89bad256c20f0071c
1764452928830 0.1659877598285675 13 bebc4361fef749e89bad256c20f0071c
1764452929159 0.14399084448814392 14 bebc4361fef749e89bad256c20f0071c
1764452929515 0.13339240849018097 15 bebc4361fef749e89bad256c20f0071c
1764452930179 0.13246332108974457 16 bebc4361fef749e89bad256c20f0071c
1764452930852 0.12788113951683044 17 bebc4361fef749e89bad256c20f0071c
1764452931199 0.11384403705596924 18 bebc4361fef749e89bad256c20f0071c
1764452931622 0.11269276589155197 19 bebc4361fef749e89bad256c20f0071c
1764452931966 0.1110369861125946 20 bebc4361fef749e89bad256c20f0071c
1764452932329 0.11539225280284882 21 bebc4361fef749e89bad256c20f0071c
1764452933146 0.11013887822628021 22 bebc4361fef749e89bad256c20f0071c
1764452933792 0.1075456365942955 23 bebc4361fef749e89bad256c20f0071c
1764452934357 0.10628336668014526 24 bebc4361fef749e89bad256c20f0071c
1764452934877 0.1056961938738823 25 bebc4361fef749e89bad256c20f0071c
1764452922325 0.7486367225646973 0 bebc4361fef749e89bad256c20f0071c
