1764443649000 0.6580206751823425 0 04e5148bd9364d7782340e2c4ac90bb3
1764443649406 0.3223779499530792 1 04e5148bd9364d7782340e2c4ac90bb3
1764443650138 0.26483049988746643 2 04e5148bd9364d7782340e2c4ac90bb3
1764443650822 0.2456883192062378 3 04e5148bd9364d7782340e2c4ac90bb3
1764443651299 0.21407142281532288 4 04e5148bd9364d7782340e2c4ac90bb3
1764443651936 0.2213282287120819 5 04e5148bd9364d7782340e2c4ac90bb3
1764443652605 0.20491307973861694 6 04e5148bd9364d7782340e2c4ac90bb3
1764443653291 0.17441880702972412 7 04e5148bd9364d7782340e2c4ac90bb3
1764443654018 0.18271243572235107 8 04e5148bd9364d7782340e2c4ac90bb3
1764443654656 0.17438659071922302 9 04e5148bd9364d7782340e2c4ac90bb3
1764443655050 0.1588570773601532 10 04e5148bd9364d7782340e2c4ac90bb3
1764443655417 0.1379014104604721 11 04e5148bd9364d7782340e2c4ac90bb3
1764443655786 0.1525724083185196 12 04e5148bd9364d7782340e2c4ac90bb3
1764443656229 0.14868991076946259 13 04e5148bd9364d7782340e2c4ac90bb3
1764443656830 0.14540831744670868 14 04e5148bd9364d7782340e2c4ac90bb3
1764443657211 0.14104647934436798 15 04e5148bd9364d7782340e2c4ac90bb3
1764443657578 0.1396164447069168 16 04e5148bd9364d7782340e2c4ac90bb3
1764443657914 0.11682064086198807 17 04e5148bd9364d7782340e2c4ac90bb3
1764443658705 0.12135825306177139 18 04e5148bd9364d7782340e2c4ac90bb3
1764443659052 0.10714740306138992 19 04e5148bd9364d7782340e2c4ac90bb3
1764443659539 0.10619936883449554 20 04e5148bd9364d7782340e2c4ac90bb3
1764443660080 0.1153935045003891 21 04e5148bd9364d7782340e2c4ac90bb3
1764443660772 0.09213295578956604 22 04e5148bd9364d7782340e2c4ac90bb3
1764443470354 0.9889348149299622 0 04e5148bd9364d7782340e2c4ac90bb3
1764443470354 0.9889348149299622 0 04e5148bd9364d7782340e2c4ac90bb3
1764443649000 0.6580206751823425 0 04e5148bd9364d7782340e2c4ac90bb3
