1764443649000 0.5723260641098022 0 04e5148bd9364d7782340e2c4ac90bb3
1764443649406 0.4117167890071869 1 04e5148bd9364d7782340e2c4ac90bb3
1764443650138 0.36095836758613586 2 04e5148bd9364d7782340e2c4ac90bb3
1764443650822 0.3541146516799927 3 04e5148bd9364d7782340e2c4ac90bb3
1764443651299 0.32390040159225464 4 04e5148bd9364d7782340e2c4ac90bb3
1764443651936 0.3319558799266815 5 04e5148bd9364d7782340e2c4ac90bb3
1764443652605 0.32212868332862854 6 04e5148bd9364d7782340e2c4ac90bb3
1764443653291 0.29522019624710083 7 04e5148bd9364d7782340e2c4ac90bb3
1764443654018 0.29642918705940247 8 04e5148bd9364d7782340e2c4ac90bb3
1764443654656 0.30992868542671204 9 04e5148bd9364d7782340e2c4ac90bb3
1764443655050 0.2771140933036804 10 04e5148bd9364d7782340e2c4ac90bb3
1764443655417 0.26490992307662964 11 04e5148bd9364d7782340e2c4ac90bb3
1764443655786 0.28182336688041687 12 04e5148bd9364d7782340e2c4ac90bb3
1764443656229 0.2755451500415802 13 04e5148bd9364d7782340e2c4ac90bb3
1764443656830 0.27497515082359314 14 04e5148bd9364d7782340e2c4ac90bb3
1764443657211 0.26282691955566406 15 04e5148bd9364d7782340e2c4ac90bb3
1764443657578 0.26420775055885315 16 04e5148bd9364d7782340e2c4ac90bb3
1764443657914 0.2428225725889206 17 04e5148bd9364d7782340e2c4ac90bb3
1764443658705 0.2479543536901474 18 04e5148bd9364d7782340e2c4ac90bb3
1764443659052 0.2403724044561386 19 04e5148bd9364d7782340e2c4ac90bb3
1764443659539 0.2404029220342636 20 04e5148bd9364d7782340e2c4ac90bb3
1764443660080 0.24362289905548096 21 04e5148bd9364d7782340e2c4ac90bb3
1764443660772 0.22569136321544647 22 04e5148bd9364d7782340e2c4ac90bb3
1764443470354 0.7178290486335754 0 04e5148bd9364d7782340e2c4ac90bb3
1764443470354 0.7178290486335754 0 04e5148bd9364d7782340e2c4ac90bb3
1764443649000 0.5723260641098022 0 04e5148bd9364d7782340e2c4ac90bb3
