1764442796390 0.6316279172897339 0
1764442796792 0.4254111349582672 1
1764442797472 0.38687074184417725 2
1764442797824 0.359466552734375 3
1764442798203 0.34808099269866943 4
1764442798577 0.34846654534339905 5
1764442799236 0.33915552496910095 6
1764442799689 0.31767866015434265 7
1764442800118 0.32496514916419983 8
1764442800535 0.29603737592697144 9
1764442801256 0.2939870059490204 10
1764442801615 0.28117331862449646 11
1764442802305 0.2831820547580719 12
1764442802766 0.28274866938591003 13
1764442803409 0.2814832627773285 14
1764442803775 0.2736016809940338 15
1764442804423 0.2675226330757141 16
1764442804759 0.2608116567134857 17
1764442805117 0.2642478048801422 18
1764442805886 0.25950291752815247 19
1764442806269 0.2434118539094925 20
1764442807044 0.2565022110939026 21
1764442796390 0.6316279172897339 0
