1764441872994 0.7488263249397278 0 c1724f428370453a9682260500a81c57
1764441873171 0.35632312297821045 1 c1724f428370453a9682260500a81c57
1764441873353 0.3090737462043762 2 c1724f428370453a9682260500a81c57
1764441873543 0.2557191252708435 3 c1724f428370453a9682260500a81c57
1764441873723 0.23921827971935272 4 c1724f428370453a9682260500a81c57
1764441873918 0.23205159604549408 5 c1724f428370453a9682260500a81c57
1764441874096 0.21011976897716522 6 c1724f428370453a9682260500a81c57
1764441874271 0.1998029351234436 7 c1724f428370453a9682260500a81c57
1764441874437 0.1992483139038086 8 c1724f428370453a9682260500a81c57
1764441874612 0.18435123562812805 9 c1724f428370453a9682260500a81c57
1764441874788 0.16739091277122498 10 c1724f428370453a9682260500a81c57
1764441874979 0.1505078375339508 11 c1724f428370453a9682260500a81c57
1764441875145 0.149717777967453 12 c1724f428370453a9682260500a81c57
1764441875341 0.15427257120609283 13 c1724f428370453a9682260500a81c57
1764441875531 0.1429111659526825 14 c1724f428370453a9682260500a81c57
1764441875758 0.1341104358434677 15 c1724f428370453a9682260500a81c57
1764441876040 0.13109976053237915 16 c1724f428370453a9682260500a81c57
1764441876225 0.11733219027519226 17 c1724f428370453a9682260500a81c57
1764441876379 0.12600906193256378 18 c1724f428370453a9682260500a81c57
1764441876546 0.11543776094913483 19 c1724f428370453a9682260500a81c57
1764441876724 0.11831501871347427 20 c1724f428370453a9682260500a81c57
1764441876908 0.11208239942789078 21 c1724f428370453a9682260500a81c57
1764441872994 0.7488263249397278 0 c1724f428370453a9682260500a81c57
