1764441872994 0.6055777072906494 0 c1724f428370453a9682260500a81c57
1764441873171 0.4386003315448761 1 c1724f428370453a9682260500a81c57
1764441873353 0.40561363101005554 2 c1724f428370453a9682260500a81c57
1764441873543 0.35980409383773804 3 c1724f428370453a9682260500a81c57
1764441873723 0.35535454750061035 4 c1724f428370453a9682260500a81c57
1764441873918 0.3441832661628723 5 c1724f428370453a9682260500a81c57
1764441874096 0.3282510042190552 6 c1724f428370453a9682260500a81c57
1764441874271 0.3190162777900696 7 c1724f428370453a9682260500a81c57
1764441874437 0.31345680356025696 8 c1724f428370453a9682260500a81c57
1764441874612 0.30270668864250183 9 c1724f428370453a9682260500a81c57
1764441874788 0.29110443592071533 10 c1724f428370453a9682260500a81c57
1764441874979 0.2758980989456177 11 c1724f428370453a9682260500a81c57
1764441875145 0.2766856253147125 12 c1724f428370453a9682260500a81c57
1764441875341 0.2717084586620331 13 c1724f428370453a9682260500a81c57
1764441875531 0.2759357690811157 14 c1724f428370453a9682260500a81c57
1764441875758 0.2699303925037384 15 c1724f428370453a9682260500a81c57
1764441876040 0.26536795496940613 16 c1724f428370453a9682260500a81c57
1764441876225 0.2513141334056854 17 c1724f428370453a9682260500a81c57
1764441876379 0.2535502016544342 18 c1724f428370453a9682260500a81c57
1764441876546 0.24219313263893127 19 c1724f428370453a9682260500a81c57
1764441876724 0.2490382343530655 20 c1724f428370453a9682260500a81c57
1764441876908 0.24044078588485718 21 c1724f428370453a9682260500a81c57
1764441872994 0.6055777072906494 0 c1724f428370453a9682260500a81c57
