1764443470354 0.9889348149299622 0 04e5148bd9364d7782340e2c4ac90bb3
1764443471320 0.40634050965309143 1 04e5148bd9364d7782340e2c4ac90bb3
1764443471721 0.2991727292537689 2 04e5148bd9364d7782340e2c4ac90bb3
1764443472106 0.2910099923610687 3 04e5148bd9364d7782340e2c4ac90bb3
1764443472574 0.24122393131256104 4 04e5148bd9364d7782340e2c4ac90bb3
1764443472937 0.24678902328014374 5 04e5148bd9364d7782340e2c4ac90bb3
1764443473339 0.2231215387582779 6 04e5148bd9364d7782340e2c4ac90bb3
1764443473725 0.1905137598514557 7 04e5148bd9364d7782340e2c4ac90bb3
1764443474405 0.18527813255786896 8 04e5148bd9364d7782340e2c4ac90bb3
1764443475082 0.17966896295547485 9 04e5148bd9364d7782340e2c4ac90bb3
1764443475800 0.17072786390781403 10 04e5148bd9364d7782340e2c4ac90bb3
1764443476266 0.17555952072143555 11 04e5148bd9364d7782340e2c4ac90bb3
1764443476939 0.17777080833911896 12 04e5148bd9364d7782340e2c4ac90bb3
1764443477549 0.1427381932735443 13 04e5148bd9364d7782340e2c4ac90bb3
1764443477980 0.15963004529476166 14 04e5148bd9364d7782340e2c4ac90bb3
1764443478661 0.16519570350646973 15 04e5148bd9364d7782340e2c4ac90bb3
1764443479358 0.14204081892967224 16 04e5148bd9364d7782340e2c4ac90bb3
1764443479853 0.1309307962656021 17 04e5148bd9364d7782340e2c4ac90bb3
1764443480465 0.1377069503068924 18 04e5148bd9364d7782340e2c4ac90bb3
1764443480829 0.13710333406925201 19 04e5148bd9364d7782340e2c4ac90bb3
1764443481548 0.12094341963529587 20 04e5148bd9364d7782340e2c4ac90bb3
1764443482282 0.1349649727344513 21 04e5148bd9364d7782340e2c4ac90bb3
1764443482685 0.10584523528814316 22 04e5148bd9364d7782340e2c4ac90bb3
1764443483110 0.11859747767448425 23 04e5148bd9364d7782340e2c4ac90bb3
1764443483778 0.10815941542387009 24 04e5148bd9364d7782340e2c4ac90bb3
1764443484424 0.10982952266931534 25 04e5148bd9364d7782340e2c4ac90bb3
1764443470354 0.9889348149299622 0 04e5148bd9364d7782340e2c4ac90bb3
