1764443470354 0.7178290486335754 0 04e5148bd9364d7782340e2c4ac90bb3
1764443471320 0.44828757643699646 1 04e5148bd9364d7782340e2c4ac90bb3
1764443471721 0.3939952850341797 2 04e5148bd9364d7782340e2c4ac90bb3
1764443472106 0.3773729205131531 3 04e5148bd9364d7782340e2c4ac90bb3
1764443472574 0.3419222831726074 4 04e5148bd9364d7782340e2c4ac90bb3
1764443472937 0.3450744152069092 5 04e5148bd9364d7782340e2c4ac90bb3
1764443473339 0.32280033826828003 6 04e5148bd9364d7782340e2c4ac90bb3
1764443473725 0.31060275435447693 7 04e5148bd9364d7782340e2c4ac90bb3
1764443474405 0.2996518909931183 8 04e5148bd9364d7782340e2c4ac90bb3
1764443475082 0.3013432025909424 9 04e5148bd9364d7782340e2c4ac90bb3
1764443475800 0.2943912446498871 10 04e5148bd9364d7782340e2c4ac90bb3
1764443476266 0.30088719725608826 11 04e5148bd9364d7782340e2c4ac90bb3
1764443476939 0.28913217782974243 12 04e5148bd9364d7782340e2c4ac90bb3
1764443477549 0.265663206577301 13 04e5148bd9364d7782340e2c4ac90bb3
1764443477980 0.2831383943557739 14 04e5148bd9364d7782340e2c4ac90bb3
1764443478661 0.27672329545021057 15 04e5148bd9364d7782340e2c4ac90bb3
1764443479358 0.2674293518066406 16 04e5148bd9364d7782340e2c4ac90bb3
1764443479853 0.25918272137641907 17 04e5148bd9364d7782340e2c4ac90bb3
1764443480465 0.25776809453964233 18 04e5148bd9364d7782340e2c4ac90bb3
1764443480829 0.2636604309082031 19 04e5148bd9364d7782340e2c4ac90bb3
1764443481548 0.2479473501443863 20 04e5148bd9364d7782340e2c4ac90bb3
1764443482282 0.26451149582862854 21 04e5148bd9364d7782340e2c4ac90bb3
1764443482685 0.2370670735836029 22 04e5148bd9364d7782340e2c4ac90bb3
1764443483110 0.24391110241413116 23 04e5148bd9364d7782340e2c4ac90bb3
1764443483778 0.23421019315719604 24 04e5148bd9364d7782340e2c4ac90bb3
1764443484424 0.2365361452102661 25 04e5148bd9364d7782340e2c4ac90bb3
1764443470354 0.7178290486335754 0 04e5148bd9364d7782340e2c4ac90bb3
