1764452965886 0.8679999709129333 0 f510aa2986a4409a8faca1a4d6eb5089
1764452966291 0.8960000276565552 1 f510aa2986a4409a8faca1a4d6eb5089
1764452966786 0.8960000276565552 2 f510aa2986a4409a8faca1a4d6eb5089
1764452967180 0.8960000276565552 3 f510aa2986a4409a8faca1a4d6eb5089
1764452967658 0.8960000276565552 4 f510aa2986a4409a8faca1a4d6eb5089
1764452968410 0.8960000276565552 5 f510aa2986a4409a8faca1a4d6eb5089
1764452968833 0.8999999761581421 6 f510aa2986a4409a8faca1a4d6eb5089
1764452969232 0.8980000019073486 7 f510aa2986a4409a8faca1a4d6eb5089
1764452969624 0.8999999761581421 8 f510aa2986a4409a8faca1a4d6eb5089
1764452970028 0.906000018119812 9 f510aa2986a4409a8faca1a4d6eb5089
1764452970487 0.9120000004768372 10 f510aa2986a4409a8faca1a4d6eb5089
1764452971003 0.9179999828338623 11 f510aa2986a4409a8faca1a4d6eb5089
1764452971427 0.921999990940094 12 f510aa2986a4409a8faca1a4d6eb5089
1764452971900 0.9300000071525574 13 f510aa2986a4409a8faca1a4d6eb5089
1764452972206 0.9300000071525574 14 f510aa2986a4409a8faca1a4d6eb5089
1764452972390 0.9380000233650208 15 f510aa2986a4409a8faca1a4d6eb5089
1764452972563 0.9380000233650208 16 f510aa2986a4409a8faca1a4d6eb5089
1764452972920 0.9459999799728394 17 f510aa2986a4409a8faca1a4d6eb5089
1764452973322 0.9559999704360962 18 f510aa2986a4409a8faca1a4d6eb5089
1764452973700 0.9559999704360962 19 f510aa2986a4409a8faca1a4d6eb5089
1764452965886 0.8679999709129333 0 f510aa2986a4409a8faca1a4d6eb5089
