1764452965886 0.9284288883209229 0 f510aa2986a4409a8faca1a4d6eb5089
1764452966291 0.9446625709533691 1 f510aa2986a4409a8faca1a4d6eb5089
1764452966786 0.9446625709533691 2 f510aa2986a4409a8faca1a4d6eb5089
1764452967180 0.9446625709533691 3 f510aa2986a4409a8faca1a4d6eb5089
1764452967658 0.9446625709533691 4 f510aa2986a4409a8faca1a4d6eb5089
1764452968410 0.9446625709533691 5 f510aa2986a4409a8faca1a4d6eb5089
1764452968833 0.9466277956962585 6 f510aa2986a4409a8faca1a4d6eb5089
1764452969232 0.945534884929657 7 f510aa2986a4409a8faca1a4d6eb5089
1764452969624 0.9466277956962585 8 f510aa2986a4409a8faca1a4d6eb5089
1764452970028 0.9500864744186401 9 f510aa2986a4409a8faca1a4d6eb5089
1764452970487 0.9527900815010071 10 f510aa2986a4409a8faca1a4d6eb5089
1764452971003 0.955578088760376 11 f510aa2986a4409a8faca1a4d6eb5089
1764452971427 0.9584317207336426 12 f510aa2986a4409a8faca1a4d6eb5089
1764452971900 0.9625283479690552 13 f510aa2986a4409a8faca1a4d6eb5089
1764452972206 0.9619230031967163 14 f510aa2986a4409a8faca1a4d6eb5089
1764452972390 0.9664523601531982 15 f510aa2986a4409a8faca1a4d6eb5089
1764452972563 0.9663841724395752 16 f510aa2986a4409a8faca1a4d6eb5089
1764452972920 0.9707173705101013 17 f510aa2986a4409a8faca1a4d6eb5089
1764452973322 0.9760497212409973 18 f510aa2986a4409a8faca1a4d6eb5089
1764452973700 0.9759466052055359 19 f510aa2986a4409a8faca1a4d6eb5089
1764452965886 0.9284288883209229 0 f510aa2986a4409a8faca1a4d6eb5089
