1764452965886 0.43424710631370544 0 f510aa2986a4409a8faca1a4d6eb5089
1764452966291 0.3413487672805786 1 f510aa2986a4409a8faca1a4d6eb5089
1764452966786 0.320115864276886 2 f510aa2986a4409a8faca1a4d6eb5089
1764452967180 0.30588310956954956 3 f510aa2986a4409a8faca1a4d6eb5089
1764452967658 0.28246432542800903 4 f510aa2986a4409a8faca1a4d6eb5089
1764452968410 0.25610876083374023 5 f510aa2986a4409a8faca1a4d6eb5089
1764452968833 0.25936904549598694 6 f510aa2986a4409a8faca1a4d6eb5089
1764452969232 0.24590696394443512 7 f510aa2986a4409a8faca1a4d6eb5089
1764452969624 0.23346391320228577 8 f510aa2986a4409a8faca1a4d6eb5089
1764452970028 0.2193542867898941 9 f510aa2986a4409a8faca1a4d6eb5089
1764452970487 0.2064635008573532 10 f510aa2986a4409a8faca1a4d6eb5089
1764452971003 0.19525539875030518 11 f510aa2986a4409a8faca1a4d6eb5089
1764452971427 0.18898464739322662 12 f510aa2986a4409a8faca1a4d6eb5089
1764452971900 0.16678090393543243 13 f510aa2986a4409a8faca1a4d6eb5089
1764452972206 0.16693930327892303 14 f510aa2986a4409a8faca1a4d6eb5089
1764452972390 0.15376028418540955 15 f510aa2986a4409a8faca1a4d6eb5089
1764452972563 0.15054434537887573 16 f510aa2986a4409a8faca1a4d6eb5089
1764452972920 0.14443817734718323 17 f510aa2986a4409a8faca1a4d6eb5089
1764452973322 0.14280898869037628 18 f510aa2986a4409a8faca1a4d6eb5089
1764452973700 0.1235126182436943 19 f510aa2986a4409a8faca1a4d6eb5089
1764452965886 0.43424710631370544 0 f510aa2986a4409a8faca1a4d6eb5089
