1764452965886 0.8930041193962097 0 f510aa2986a4409a8faca1a4d6eb5089
1764452966291 0.8960000276565552 1 f510aa2986a4409a8faca1a4d6eb5089
1764452966786 0.8960000276565552 2 f510aa2986a4409a8faca1a4d6eb5089
1764452967180 0.8960000276565552 3 f510aa2986a4409a8faca1a4d6eb5089
1764452967658 0.8960000276565552 4 f510aa2986a4409a8faca1a4d6eb5089
1764452968410 0.8960000276565552 5 f510aa2986a4409a8faca1a4d6eb5089
1764452968833 0.8995984196662903 6 f510aa2986a4409a8faca1a4d6eb5089
1764452969232 0.8993963599205017 7 f510aa2986a4409a8faca1a4d6eb5089
1764452969624 0.8995984196662903 8 f510aa2986a4409a8faca1a4d6eb5089
1764452970028 0.9100204706192017 9 f510aa2986a4409a8faca1a4d6eb5089
1764452970487 0.9122449159622192 10 f510aa2986a4409a8faca1a4d6eb5089
1764452971003 0.9195876121520996 11 f510aa2986a4409a8faca1a4d6eb5089
1764452971427 0.9251559376716614 12 f510aa2986a4409a8faca1a4d6eb5089
1764452971900 0.931106448173523 13 f510aa2986a4409a8faca1a4d6eb5089
1764452972206 0.9329140186309814 14 f510aa2986a4409a8faca1a4d6eb5089
1764452972390 0.9408034086227417 15 f510aa2986a4409a8faca1a4d6eb5089
1764452972563 0.9408034086227417 16 f510aa2986a4409a8faca1a4d6eb5089
1764452972920 0.9469214677810669 17 f510aa2986a4409a8faca1a4d6eb5089
1764452973322 0.9630434513092041 18 f510aa2986a4409a8faca1a4d6eb5089
1764452973700 0.9551281929016113 19 f510aa2986a4409a8faca1a4d6eb5089
1764452965886 0.8930041193962097 0 f510aa2986a4409a8faca1a4d6eb5089
