1764452965886 0.96875 0 f510aa2986a4409a8faca1a4d6eb5089
1764452966291 1.0 1 f510aa2986a4409a8faca1a4d6eb5089
1764452966786 1.0 2 f510aa2986a4409a8faca1a4d6eb5089
1764452967180 1.0 3 f510aa2986a4409a8faca1a4d6eb5089
1764452967658 1.0 4 f510aa2986a4409a8faca1a4d6eb5089
1764452968410 1.0 5 f510aa2986a4409a8faca1a4d6eb5089
1764452968833 1.0 6 f510aa2986a4409a8faca1a4d6eb5089
1764452969232 0.9977678656578064 7 f510aa2986a4409a8faca1a4d6eb5089
1764452969624 1.0 8 f510aa2986a4409a8faca1a4d6eb5089
1764452970028 0.9933035969734192 9 f510aa2986a4409a8faca1a4d6eb5089
1764452970487 0.9977678656578064 10 f510aa2986a4409a8faca1a4d6eb5089
1764452971003 0.9955357313156128 11 f510aa2986a4409a8faca1a4d6eb5089
1764452971427 0.9933035969734192 12 f510aa2986a4409a8faca1a4d6eb5089
1764452971900 0.9955357313156128 13 f510aa2986a4409a8faca1a4d6eb5089
1764452972206 0.9933035969734192 14 f510aa2986a4409a8faca1a4d6eb5089
1764452972390 0.9933035969734192 15 f510aa2986a4409a8faca1a4d6eb5089
1764452972563 0.9933035969734192 16 f510aa2986a4409a8faca1a4d6eb5089
1764452972920 0.9955357313156128 17 f510aa2986a4409a8faca1a4d6eb5089
1764452973322 0.9888392686843872 18 f510aa2986a4409a8faca1a4d6eb5089
1764452973700 0.9977678656578064 19 f510aa2986a4409a8faca1a4d6eb5089
1764452965886 0.96875 0 f510aa2986a4409a8faca1a4d6eb5089
