1764444660453 0.6216237545013428 0 04e5148bd9364d7782340e2c4ac90bb3
1764444661430 0.32708001136779785 1 04e5148bd9364d7782340e2c4ac90bb3
1764444661836 0.26564469933509827 2 04e5148bd9364d7782340e2c4ac90bb3
1764444662253 0.2157573103904724 3 04e5148bd9364d7782340e2c4ac90bb3
1764444662700 0.20344214141368866 4 04e5148bd9364d7782340e2c4ac90bb3
1764444663202 0.178994819521904 5 04e5148bd9364d7782340e2c4ac90bb3
1764444663612 0.17394909262657166 6 04e5148bd9364d7782340e2c4ac90bb3
1764444664322 0.15765760838985443 7 04e5148bd9364d7782340e2c4ac90bb3
1764444664980 0.15262240171432495 8 04e5148bd9364d7782340e2c4ac90bb3
1764444665370 0.13391312956809998 9 04e5148bd9364d7782340e2c4ac90bb3
1764444665821 0.14802652597427368 10 04e5148bd9364d7782340e2c4ac90bb3
1764444666440 0.13463430106639862 11 04e5148bd9364d7782340e2c4ac90bb3
1764444666819 0.12596844136714935 12 04e5148bd9364d7782340e2c4ac90bb3
1764444667274 0.1261902153491974 13 04e5148bd9364d7782340e2c4ac90bb3
1764444667934 0.1272401511669159 14 04e5148bd9364d7782340e2c4ac90bb3
1764444668591 0.11450525373220444 15 04e5148bd9364d7782340e2c4ac90bb3
1764443470354 0.9889348149299622 0 04e5148bd9364d7782340e2c4ac90bb3
1764443470354 0.9889348149299622 0 04e5148bd9364d7782340e2c4ac90bb3
1764443649000 0.6580206751823425 0 04e5148bd9364d7782340e2c4ac90bb3
1764443470354 0.9889348149299622 0 04e5148bd9364d7782340e2c4ac90bb3
1764443470354 0.9889348149299622 0 04e5148bd9364d7782340e2c4ac90bb3
1764443649000 0.6580206751823425 0 04e5148bd9364d7782340e2c4ac90bb3
1764443833885 0.6216237545013428 0 04e5148bd9364d7782340e2c4ac90bb3
1764443470354 0.9889348149299622 0 04e5148bd9364d7782340e2c4ac90bb3
1764443470354 0.9889348149299622 0 04e5148bd9364d7782340e2c4ac90bb3
1764443649000 0.6580206751823425 0 04e5148bd9364d7782340e2c4ac90bb3
1764443470354 0.9889348149299622 0 04e5148bd9364d7782340e2c4ac90bb3
1764443470354 0.9889348149299622 0 04e5148bd9364d7782340e2c4ac90bb3
1764443649000 0.6580206751823425 0 04e5148bd9364d7782340e2c4ac90bb3
1764443833885 0.6216237545013428 0 04e5148bd9364d7782340e2c4ac90bb3
1764444234147 0.6216237545013428 0 04e5148bd9364d7782340e2c4ac90bb3
1764443470354 0.9889348149299622 0 04e5148bd9364d7782340e2c4ac90bb3
1764443470354 0.9889348149299622 0 04e5148bd9364d7782340e2c4ac90bb3
1764443649000 0.6580206751823425 0 04e5148bd9364d7782340e2c4ac90bb3
1764443470354 0.9889348149299622 0 04e5148bd9364d7782340e2c4ac90bb3
1764443470354 0.9889348149299622 0 04e5148bd9364d7782340e2c4ac90bb3
1764443649000 0.6580206751823425 0 04e5148bd9364d7782340e2c4ac90bb3
1764443833885 0.6216237545013428 0 04e5148bd9364d7782340e2c4ac90bb3
1764443470354 0.9889348149299622 0 04e5148bd9364d7782340e2c4ac90bb3
1764443470354 0.9889348149299622 0 04e5148bd9364d7782340e2c4ac90bb3
1764443649000 0.6580206751823425 0 04e5148bd9364d7782340e2c4ac90bb3
1764443470354 0.9889348149299622 0 04e5148bd9364d7782340e2c4ac90bb3
1764443470354 0.9889348149299622 0 04e5148bd9364d7782340e2c4ac90bb3
1764443649000 0.6580206751823425 0 04e5148bd9364d7782340e2c4ac90bb3
1764443833885 0.6216237545013428 0 04e5148bd9364d7782340e2c4ac90bb3
1764444234147 0.6216237545013428 0 04e5148bd9364d7782340e2c4ac90bb3
1764444432507 0.7192555665969849 0 04e5148bd9364d7782340e2c4ac90bb3
1764443470354 0.9889348149299622 0 04e5148bd9364d7782340e2c4ac90bb3
1764443470354 0.9889348149299622 0 04e5148bd9364d7782340e2c4ac90bb3
1764443649000 0.6580206751823425 0 04e5148bd9364d7782340e2c4ac90bb3
1764443470354 0.9889348149299622 0 04e5148bd9364d7782340e2c4ac90bb3
1764443470354 0.9889348149299622 0 04e5148bd9364d7782340e2c4ac90bb3
1764443649000 0.6580206751823425 0 04e5148bd9364d7782340e2c4ac90bb3
1764443833885 0.6216237545013428 0 04e5148bd9364d7782340e2c4ac90bb3
1764443470354 0.9889348149299622 0 04e5148bd9364d7782340e2c4ac90bb3
1764443470354 0.9889348149299622 0 04e5148bd9364d7782340e2c4ac90bb3
1764443649000 0.6580206751823425 0 04e5148bd9364d7782340e2c4ac90bb3
1764443470354 0.9889348149299622 0 04e5148bd9364d7782340e2c4ac90bb3
1764443470354 0.9889348149299622 0 04e5148bd9364d7782340e2c4ac90bb3
1764443649000 0.6580206751823425 0 04e5148bd9364d7782340e2c4ac90bb3
1764443833885 0.6216237545013428 0 04e5148bd9364d7782340e2c4ac90bb3
1764444234147 0.6216237545013428 0 04e5148bd9364d7782340e2c4ac90bb3
1764443470354 0.9889348149299622 0 04e5148bd9364d7782340e2c4ac90bb3
1764443470354 0.9889348149299622 0 04e5148bd9364d7782340e2c4ac90bb3
1764443649000 0.6580206751823425 0 04e5148bd9364d7782340e2c4ac90bb3
1764443470354 0.9889348149299622 0 04e5148bd9364d7782340e2c4ac90bb3
1764443470354 0.9889348149299622 0 04e5148bd9364d7782340e2c4ac90bb3
1764443649000 0.6580206751823425 0 04e5148bd9364d7782340e2c4ac90bb3
1764443833885 0.6216237545013428 0 04e5148bd9364d7782340e2c4ac90bb3
1764443470354 0.9889348149299622 0 04e5148bd9364d7782340e2c4ac90bb3
1764443470354 0.9889348149299622 0 04e5148bd9364d7782340e2c4ac90bb3
1764443649000 0.6580206751823425 0 04e5148bd9364d7782340e2c4ac90bb3
1764443470354 0.9889348149299622 0 04e5148bd9364d7782340e2c4ac90bb3
1764443470354 0.9889348149299622 0 04e5148bd9364d7782340e2c4ac90bb3
1764443649000 0.6580206751823425 0 04e5148bd9364d7782340e2c4ac90bb3
1764443833885 0.6216237545013428 0 04e5148bd9364d7782340e2c4ac90bb3
1764444234147 0.6216237545013428 0 04e5148bd9364d7782340e2c4ac90bb3
1764444432507 0.7192555665969849 0 04e5148bd9364d7782340e2c4ac90bb3
1764444660453 0.6216237545013428 0 04e5148bd9364d7782340e2c4ac90bb3
