1764444660453 0.5661402940750122 0 04e5148bd9364d7782340e2c4ac90bb3
1764444661430 0.4177795946598053 1 04e5148bd9364d7782340e2c4ac90bb3
1764444661836 0.36719903349876404 2 04e5148bd9364d7782340e2c4ac90bb3
1764444662253 0.3276822566986084 3 04e5148bd9364d7782340e2c4ac90bb3
1764444662700 0.3303033709526062 4 04e5148bd9364d7782340e2c4ac90bb3
1764444663202 0.30622562766075134 5 04e5148bd9364d7782340e2c4ac90bb3
1764444663612 0.3015005886554718 6 04e5148bd9364d7782340e2c4ac90bb3
1764444664322 0.2744140028953552 7 04e5148bd9364d7782340e2c4ac90bb3
1764444664980 0.28306078910827637 8 04e5148bd9364d7782340e2c4ac90bb3
1764444665370 0.2657330632209778 9 04e5148bd9364d7782340e2c4ac90bb3
1764444665821 0.2705376446247101 10 04e5148bd9364d7782340e2c4ac90bb3
1764444666440 0.2679491937160492 11 04e5148bd9364d7782340e2c4ac90bb3
1764444666819 0.2557438611984253 12 04e5148bd9364d7782340e2c4ac90bb3
1764444667274 0.2573629319667816 13 04e5148bd9364d7782340e2c4ac90bb3
1764444667934 0.26621097326278687 14 04e5148bd9364d7782340e2c4ac90bb3
1764444668591 0.2347235083580017 15 04e5148bd9364d7782340e2c4ac90bb3
1764443470354 0.7178290486335754 0 04e5148bd9364d7782340e2c4ac90bb3
1764443470354 0.7178290486335754 0 04e5148bd9364d7782340e2c4ac90bb3
1764443649000 0.5723260641098022 0 04e5148bd9364d7782340e2c4ac90bb3
1764443470354 0.7178290486335754 0 04e5148bd9364d7782340e2c4ac90bb3
1764443470354 0.7178290486335754 0 04e5148bd9364d7782340e2c4ac90bb3
1764443649000 0.5723260641098022 0 04e5148bd9364d7782340e2c4ac90bb3
1764443833885 0.5661402940750122 0 04e5148bd9364d7782340e2c4ac90bb3
1764443470354 0.7178290486335754 0 04e5148bd9364d7782340e2c4ac90bb3
1764443470354 0.7178290486335754 0 04e5148bd9364d7782340e2c4ac90bb3
1764443649000 0.5723260641098022 0 04e5148bd9364d7782340e2c4ac90bb3
1764443470354 0.7178290486335754 0 04e5148bd9364d7782340e2c4ac90bb3
1764443470354 0.7178290486335754 0 04e5148bd9364d7782340e2c4ac90bb3
1764443649000 0.5723260641098022 0 04e5148bd9364d7782340e2c4ac90bb3
1764443833885 0.5661402940750122 0 04e5148bd9364d7782340e2c4ac90bb3
1764444234147 0.5661402940750122 0 04e5148bd9364d7782340e2c4ac90bb3
1764443470354 0.7178290486335754 0 04e5148bd9364d7782340e2c4ac90bb3
1764443470354 0.7178290486335754 0 04e5148bd9364d7782340e2c4ac90bb3
1764443649000 0.5723260641098022 0 04e5148bd9364d7782340e2c4ac90bb3
1764443470354 0.7178290486335754 0 04e5148bd9364d7782340e2c4ac90bb3
1764443470354 0.7178290486335754 0 04e5148bd9364d7782340e2c4ac90bb3
1764443649000 0.5723260641098022 0 04e5148bd9364d7782340e2c4ac90bb3
1764443833885 0.5661402940750122 0 04e5148bd9364d7782340e2c4ac90bb3
1764443470354 0.7178290486335754 0 04e5148bd9364d7782340e2c4ac90bb3
1764443470354 0.7178290486335754 0 04e5148bd9364d7782340e2c4ac90bb3
1764443649000 0.5723260641098022 0 04e5148bd9364d7782340e2c4ac90bb3
1764443470354 0.7178290486335754 0 04e5148bd9364d7782340e2c4ac90bb3
1764443470354 0.7178290486335754 0 04e5148bd9364d7782340e2c4ac90bb3
1764443649000 0.5723260641098022 0 04e5148bd9364d7782340e2c4ac90bb3
1764443833885 0.5661402940750122 0 04e5148bd9364d7782340e2c4ac90bb3
1764444234147 0.5661402940750122 0 04e5148bd9364d7782340e2c4ac90bb3
1764444432507 0.5835539102554321 0 04e5148bd9364d7782340e2c4ac90bb3
1764443470354 0.7178290486335754 0 04e5148bd9364d7782340e2c4ac90bb3
1764443470354 0.7178290486335754 0 04e5148bd9364d7782340e2c4ac90bb3
1764443649000 0.5723260641098022 0 04e5148bd9364d7782340e2c4ac90bb3
1764443470354 0.7178290486335754 0 04e5148bd9364d7782340e2c4ac90bb3
1764443470354 0.7178290486335754 0 04e5148bd9364d7782340e2c4ac90bb3
1764443649000 0.5723260641098022 0 04e5148bd9364d7782340e2c4ac90bb3
1764443833885 0.5661402940750122 0 04e5148bd9364d7782340e2c4ac90bb3
1764443470354 0.7178290486335754 0 04e5148bd9364d7782340e2c4ac90bb3
1764443470354 0.7178290486335754 0 04e5148bd9364d7782340e2c4ac90bb3
1764443649000 0.5723260641098022 0 04e5148bd9364d7782340e2c4ac90bb3
1764443470354 0.7178290486335754 0 04e5148bd9364d7782340e2c4ac90bb3
1764443470354 0.7178290486335754 0 04e5148bd9364d7782340e2c4ac90bb3
1764443649000 0.5723260641098022 0 04e5148bd9364d7782340e2c4ac90bb3
1764443833885 0.5661402940750122 0 04e5148bd9364d7782340e2c4ac90bb3
1764444234147 0.5661402940750122 0 04e5148bd9364d7782340e2c4ac90bb3
1764443470354 0.7178290486335754 0 04e5148bd9364d7782340e2c4ac90bb3
1764443470354 0.7178290486335754 0 04e5148bd9364d7782340e2c4ac90bb3
1764443649000 0.5723260641098022 0 04e5148bd9364d7782340e2c4ac90bb3
1764443470354 0.7178290486335754 0 04e5148bd9364d7782340e2c4ac90bb3
1764443470354 0.7178290486335754 0 04e5148bd9364d7782340e2c4ac90bb3
1764443649000 0.5723260641098022 0 04e5148bd9364d7782340e2c4ac90bb3
1764443833885 0.5661402940750122 0 04e5148bd9364d7782340e2c4ac90bb3
1764443470354 0.7178290486335754 0 04e5148bd9364d7782340e2c4ac90bb3
1764443470354 0.7178290486335754 0 04e5148bd9364d7782340e2c4ac90bb3
1764443649000 0.5723260641098022 0 04e5148bd9364d7782340e2c4ac90bb3
1764443470354 0.7178290486335754 0 04e5148bd9364d7782340e2c4ac90bb3
1764443470354 0.7178290486335754 0 04e5148bd9364d7782340e2c4ac90bb3
1764443649000 0.5723260641098022 0 04e5148bd9364d7782340e2c4ac90bb3
1764443833885 0.5661402940750122 0 04e5148bd9364d7782340e2c4ac90bb3
1764444234147 0.5661402940750122 0 04e5148bd9364d7782340e2c4ac90bb3
1764444432507 0.5835539102554321 0 04e5148bd9364d7782340e2c4ac90bb3
1764444660453 0.5661402940750122 0 04e5148bd9364d7782340e2c4ac90bb3
