1764452922325 0.63204425573349 0
1764452922688 0.43064290285110474 1
1764452923131 0.3944089412689209 2
1764452923752 0.3510393500328064 3
1764452924104 0.348711758852005 4
1764452924530 0.3338342607021332 5
1764452925209 0.3217681646347046 6
1764452925593 0.30490821599960327 7
1764452925971 0.3104715943336487 8
1764452926713 0.30485543608665466 9
1764452927421 0.28073105216026306 10
1764452927968 0.2841436266899109 11
1764452928405 0.28138577938079834 12
1764452928830 0.2856731414794922 13
1764452929159 0.27122753858566284 14
1764452929515 0.2572213113307953 15
1764452930179 0.25445979833602905 16
1764452930852 0.2586679756641388 17
1764452931199 0.24014654755592346 18
1764452931622 0.24402979016304016 19
1764452931966 0.24052046239376068 20
1764452932329 0.24486123025417328 21
1764452933146 0.23785188794136047 22
1764452933792 0.23990194499492645 23
1764452934357 0.23190027475357056 24
1764452934877 0.23500178754329681 25
1764452922325 0.63204425573349 0
