1764445872493 0.63204425573349 0 5ffd4f7f21114a2489f98c6e2bdf1c4e
1764445873344 0.43064290285110474 1 5ffd4f7f21114a2489f98c6e2bdf1c4e
1764445873713 0.3944089412689209 2 5ffd4f7f21114a2489f98c6e2bdf1c4e
1764445874440 0.3510393500328064 3 5ffd4f7f21114a2489f98c6e2bdf1c4e
1764445875077 0.348711758852005 4 5ffd4f7f21114a2489f98c6e2bdf1c4e
1764445875794 0.3338342607021332 5 5ffd4f7f21114a2489f98c6e2bdf1c4e
1764445876189 0.3217681646347046 6 5ffd4f7f21114a2489f98c6e2bdf1c4e
1764445876546 0.30490821599960327 7 5ffd4f7f21114a2489f98c6e2bdf1c4e
1764445876960 0.3104715943336487 8 5ffd4f7f21114a2489f98c6e2bdf1c4e
1764445877680 0.30485543608665466 9 5ffd4f7f21114a2489f98c6e2bdf1c4e
1764445878055 0.28073105216026306 10 5ffd4f7f21114a2489f98c6e2bdf1c4e
1764445878832 0.2841436266899109 11 5ffd4f7f21114a2489f98c6e2bdf1c4e
1764445879238 0.28138577938079834 12 5ffd4f7f21114a2489f98c6e2bdf1c4e
1764445879914 0.2856731414794922 13 5ffd4f7f21114a2489f98c6e2bdf1c4e
1764445880357 0.27122753858566284 14 5ffd4f7f21114a2489f98c6e2bdf1c4e
1764445880832 0.2572213113307953 15 5ffd4f7f21114a2489f98c6e2bdf1c4e
1764445881407 0.25445979833602905 16 5ffd4f7f21114a2489f98c6e2bdf1c4e
1764445882096 0.2586679756641388 17 5ffd4f7f21114a2489f98c6e2bdf1c4e
1764445882539 0.24014654755592346 18 5ffd4f7f21114a2489f98c6e2bdf1c4e
1764445883161 0.24402979016304016 19 5ffd4f7f21114a2489f98c6e2bdf1c4e
1764445883661 0.24052046239376068 20 5ffd4f7f21114a2489f98c6e2bdf1c4e
1764445884267 0.24486123025417328 21 5ffd4f7f21114a2489f98c6e2bdf1c4e
1764445884641 0.23785188794136047 22 5ffd4f7f21114a2489f98c6e2bdf1c4e
1764445885368 0.23990194499492645 23 5ffd4f7f21114a2489f98c6e2bdf1c4e
1764445886027 0.23190027475357056 24 5ffd4f7f21114a2489f98c6e2bdf1c4e
1764445886426 0.23500178754329681 25 5ffd4f7f21114a2489f98c6e2bdf1c4e
1764445872493 0.63204425573349 0 5ffd4f7f21114a2489f98c6e2bdf1c4e
